[00 (None)]
2.4GHz/20MHz: 2412(1) 2417(2) 2422(3) 2427(4) 2432(5) 2437(6) 2442(7) 2447(8) 2452(9) 2457(10) 2462(11) 2467(12) 2472(13) 2484(14)
2.4GHz/40MHz: 2422(1) 2427(2) 2432(3) 2437(4) 2442(5) 2447(6) 2452(7) 2437(8) 2442(9) 2447(10) 2452(11)
5.2GHz/20MHz: 5180(36) 5200(40) 5220(44) 5240(48) 5260(52) 5280(56) 5300(60) 5320(64) 5500(100) 5520(104) 5540(108) 5560(112) 5580(116) 5600(120) 5620(124) 5640(128) 5660(132) 5680(136) 5700(140) 5745(149) 5765(153) 5785(157) 5805(161) 5825(165)
5.2GHz/40MHz: 5190(36) 5190(40) 5230(44) 5230(48) 5270(52) 5270(56) 5310(60) 5310(64) 5510(100) 5510(104) 5550(108) 5550(112) 5590(116) 5590(120) 5630(124) 5630(128) 5670(132) 5670(136) 5755(149) 5755(153) 5795(157) 5795(161)
[AL (Albania)]
2.4GHz/20MHz: 2412(1) 2417(2) 2422(3) 2427(4) 2432(5) 2437(6) 2442(7) 2447(8) 2452(9) 2457(10) 2462(11) 2467(12) 2472(13)
2.4GHz/40MHz: 2422(1) 2427(2) 2432(3) 2437(4) 2442(5) 2447(6) 2452(7) 2437(8) 2442(9) 2447(10) 2452(11)
5.2GHz/20MHz: 5180(36) 5200(40) 5220(44) 5240(48) 5260(52) 5280(56) 5300(60) 5320(64) 5500(100) 5520(104) 5540(108) 5560(112) 5580(116) 5600(120) 5620(124) 5640(128) 5660(132) 5680(136) 5700(140)
5.2GHz/40MHz: 5190(36) 5190(40) 5230(44) 5230(48) 5270(52) 5270(56) 5310(60) 5310(64) 5510(100) 5510(104) 5550(108) 5550(112) 5590(116) 5590(120) 5630(124) 5630(128) 5670(132) 5670(136)
[DZ (Algeria)]
2.4GHz/20MHz: 2412(1) 2417(2) 2422(3) 2427(4) 2432(5) 2437(6) 2442(7) 2447(8) 2452(9) 2457(10) 2462(11) 2467(12) 2472(13)
2.4GHz/40MHz: 2422(1) 2427(2) 2432(3) 2437(4) 2442(5) 2447(6) 2452(7) 2437(8) 2442(9) 2447(10) 2452(11)
5.2GHz/20MHz: 5180(36) 5200(40) 5220(44) 5240(48) 5260(52) 5280(56) 5300(60) 5320(64) 5500(100) 5520(104) 5540(108) 5560(112) 5580(116) 5600(120) 5620(124) 5640(128) 5660(132) 5680(136) 5700(140)
5.2GHz/40MHz: 5190(36) 5190(40) 5230(44) 5230(48) 5270(52) 5270(56) 5310(60) 5310(64) 5510(100) 5510(104) 5550(108) 5550(112) 5590(116) 5590(120) 5630(124) 5630(128) 5670(132) 5670(136)
[AR (Argentina)]
2.4GHz/20MHz: 2412(1) 2417(2) 2422(3) 2427(4) 2432(5) 2437(6) 2442(7) 2447(8) 2452(9) 2457(10) 2462(11) 2467(12) 2472(13)
2.4GHz/40MHz: 2422(1) 2427(2) 2432(3) 2437(4) 2442(5) 2447(6) 2452(7) 2437(8) 2442(9) 2447(10) 2452(11)
5.2GHz/20MHz: 5180(36) 5200(40) 5220(44) 5240(48) 5260(52) 5280(56) 5300(60) 5320(64) 5500(100) 5520(104) 5540(108) 5560(112) 5580(116) 5660(132) 5680(136) 5700(140) 5745(149) 5765(153) 5785(157) 5805(161) 5825(165)
5.2GHz/40MHz: 5190(36) 5190(40) 5230(44) 5230(48) 5270(52) 5270(56) 5310(60) 5310(64) 5510(100) 5510(104) 5550(108) 5550(112) 5590(116) 5670(132) 5670(136) 5755(149) 5755(153) 5795(157) 5795(161)
[AM (Armenia)]
2.4GHz/20MHz: 2412(1) 2417(2) 2422(3) 2427(4) 2432(5) 2437(6) 2442(7) 2447(8) 2452(9) 2457(10) 2462(11) 2467(12) 2472(13)
2.4GHz/40MHz: 2422(1) 2427(2) 2432(3) 2437(4) 2442(5) 2447(6) 2452(7) 2437(8) 2442(9) 2447(10) 2452(11)
5.2GHz/20MHz: 5180(36) 5200(40) 5220(44) 5240(48) 5260(52) 5280(56) 5300(60) 5320(64) 5500(100) 5520(104) 5540(108) 5560(112) 5580(116) 5600(120) 5620(124) 5640(128) 5660(132) 5680(136) 5700(140)
5.2GHz/40MHz: 5190(36) 5190(40) 5230(44) 5230(48) 5270(52) 5270(56) 5310(60) 5310(64) 5510(100) 5510(104) 5550(108) 5550(112) 5590(116) 5590(120) 5630(124) 5630(128) 5670(132) 5670(136)
[AU (Australia)]
2.4GHz/20MHz: 2412(1) 2417(2) 2422(3) 2427(4) 2432(5) 2437(6) 2442(7) 2447(8) 2452(9) 2457(10) 2462(11) 2467(12) 2472(13)
2.4GHz/40MHz: 2422(1) 2427(2) 2432(3) 2437(4) 2442(5) 2447(6) 2452(7) 2437(8) 2442(9) 2447(10) 2452(11)
5.2GHz/20MHz: 5180(36) 5200(40) 5220(44) 5240(48) 5260(52) 5280(56) 5300(60) 5320(64) 5500(100) 5520(104) 5540(108) 5560(112) 5580(116) 5600(120) 5620(124) 5640(128) 5660(132) 5680(136) 5700(140)
5.2GHz/40MHz: 5190(36) 5190(40) 5230(44) 5230(48) 5270(52) 5270(56) 5310(60) 5310(64) 5510(100) 5510(104) 5550(108) 5550(112) 5590(116) 5590(120) 5630(124) 5630(128) 5670(132) 5670(136)
[AT (Austria)]
2.4GHz/20MHz: 2412(1) 2417(2) 2422(3) 2427(4) 2432(5) 2437(6) 2442(7) 2447(8) 2452(9) 2457(10) 2462(11) 2467(12) 2472(13)
2.4GHz/40MHz: 2422(1) 2427(2) 2432(3) 2437(4) 2442(5) 2447(6) 2452(7) 2457(8) 2462(9) 2447(10) 2452(11) 2457(12) 2462(13)
5.2GHz/20MHz: 5180(36) 5200(40) 5220(44) 5240(48) 5260(52) 5280(56) 5300(60) 5320(64) 5500(100) 5520(104) 5540(108) 5560(112) 5580(116) 5600(120) 5620(124) 5640(128) 5660(132) 5680(136) 5700(140)
5.2GHz/40MHz: 5190(36) 5190(40) 5230(44) 5230(48) 5270(52) 5270(56) 5310(60) 5310(64) 5510(100) 5510(104) 5550(108) 5550(112) 5590(116) 5590(120) 5630(124) 5630(128) 5670(132) 5670(136)
[AZ (Azerbaijan)]
2.4GHz/20MHz: 2412(1) 2417(2) 2422(3) 2427(4) 2432(5) 2437(6) 2442(7) 2447(8) 2452(9) 2457(10) 2462(11) 2467(12) 2472(13)
2.4GHz/40MHz: 2422(1) 2427(2) 2432(3) 2437(4) 2442(5) 2447(6) 2452(7) 2437(8) 2442(9) 2447(10) 2452(11)
5.2GHz/20MHz: 5180(36) 5200(40) 5220(44) 5240(48) 5260(52) 5280(56) 5300(60) 5320(64) 5500(100) 5520(104) 5540(108) 5560(112) 5580(116) 5600(120) 5620(124) 5640(128) 5660(132) 5680(136) 5700(140)
5.2GHz/40MHz: 5190(36) 5190(40) 5230(44) 5230(48) 5270(52) 5270(56) 5310(60) 5310(64) 5510(100) 5510(104) 5550(108) 5550(112) 5590(116) 5590(120) 5630(124) 5630(128) 5670(132) 5670(136)
[BH (Bahrain)]
2.4GHz/20MHz: 2412(1) 2417(2) 2422(3) 2427(4) 2432(5) 2437(6) 2442(7) 2447(8) 2452(9) 2457(10) 2462(11) 2467(12) 2472(13)
2.4GHz/40MHz: 2422(1) 2427(2) 2432(3) 2437(4) 2442(5) 2447(6) 2452(7) 2437(8) 2442(9) 2447(10) 2452(11)
5.2GHz/20MHz: 5180(36) 5200(40) 5220(44) 5240(48) 5260(52) 5280(56) 5300(60) 5320(64) 5500(100) 5520(104) 5540(108) 5560(112) 5580(116) 5600(120) 5620(124) 5640(128) 5660(132) 5680(136) 5700(140)
5.2GHz/40MHz: 5190(36) 5190(40) 5230(44) 5230(48) 5270(52) 5270(56) 5310(60) 5310(64) 5510(100) 5510(104) 5550(108) 5550(112) 5590(116) 5590(120) 5630(124) 5630(128) 5670(132) 5670(136)
[BY (Belarus)]
2.4GHz/20MHz: 2412(1) 2417(2) 2422(3) 2427(4) 2432(5) 2437(6) 2442(7) 2447(8) 2452(9) 2457(10) 2462(11) 2467(12) 2472(13)
2.4GHz/40MHz: 2422(1) 2427(2) 2432(3) 2437(4) 2442(5) 2447(6) 2452(7) 2437(8) 2442(9) 2447(10) 2452(11)
5.2GHz/20MHz: 5180(36) 5200(40) 5220(44) 5240(48) 5260(52) 5280(56) 5300(60) 5320(64) 5500(100) 5520(104) 5540(108) 5560(112) 5580(116) 5600(120) 5620(124) 5640(128) 5660(132) 5680(136) 5700(140)
5.2GHz/40MHz: 5190(36) 5190(40) 5230(44) 5230(48) 5270(52) 5270(56) 5310(60) 5310(64) 5510(100) 5510(104) 5550(108) 5550(112) 5590(116) 5590(120) 5630(124) 5630(128) 5670(132) 5670(136)
[BE (Belgium)]
2.4GHz/20MHz: 2412(1) 2417(2) 2422(3) 2427(4) 2432(5) 2437(6) 2442(7) 2447(8) 2452(9) 2457(10) 2462(11) 2467(12) 2472(13)
2.4GHz/40MHz: 2422(1) 2427(2) 2432(3) 2437(4) 2442(5) 2447(6) 2452(7) 2457(8) 2462(9) 2447(10) 2452(11) 2457(12) 2462(13)
5.2GHz/20MHz: 5180(36) 5200(40) 5220(44) 5240(48) 5260(52) 5280(56) 5300(60) 5320(64) 5500(100) 5520(104) 5540(108) 5560(112) 5580(116) 5600(120) 5620(124) 5640(128) 5660(132) 5680(136) 5700(140)
5.2GHz/40MHz: 5190(36) 5190(40) 5230(44) 5230(48) 5270(52) 5270(56) 5310(60) 5310(64) 5510(100) 5510(104) 5550(108) 5550(112) 5590(116) 5590(120) 5630(124) 5630(128) 5670(132) 5670(136)
[BZ (Belize)]
2.4GHz/20MHz: 2412(1) 2417(2) 2422(3) 2427(4) 2432(5) 2437(6) 2442(7) 2447(8) 2452(9) 2457(10) 2462(11) 2467(12) 2472(13)
2.4GHz/40MHz: 2422(1) 2427(2) 2432(3) 2437(4) 2442(5) 2447(6) 2452(7) 2437(8) 2442(9) 2447(10) 2452(11)
5.2GHz/20MHz: 5180(36) 5200(40) 5220(44) 5240(48) 5260(52) 5280(56) 5300(60) 5320(64) 5500(100) 5520(104) 5540(108) 5560(112) 5580(116) 5660(132) 5680(136) 5700(140) 5745(149) 5765(153) 5785(157) 5805(161) 5825(165)
5.2GHz/40MHz: 5190(36) 5190(40) 5230(44) 5230(48) 5270(52) 5270(56) 5310(60) 5310(64) 5510(100) 5510(104) 5550(108) 5550(112) 5590(116) 5670(132) 5670(136) 5755(149) 5755(153) 5795(157) 5795(161)
[BO (Bolivia)]
2.4GHz/20MHz: 2412(1) 2417(2) 2422(3) 2427(4) 2432(5) 2437(6) 2442(7) 2447(8) 2452(9) 2457(10) 2462(11) 2467(12) 2472(13)
2.4GHz/40MHz: 2422(1) 2427(2) 2432(3) 2437(4) 2442(5) 2447(6) 2452(7) 2437(8) 2442(9) 2447(10) 2452(11)
5.2GHz/20MHz: 5180(36) 5200(40) 5220(44) 5240(48) 5260(52) 5280(56) 5300(60) 5320(64) 5500(100) 5520(104) 5540(108) 5560(112) 5580(116) 5660(132) 5680(136) 5700(140) 5745(149) 5765(153) 5785(157) 5805(161) 5825(165)
5.2GHz/40MHz: 5190(36) 5190(40) 5230(44) 5230(48) 5270(52) 5270(56) 5310(60) 5310(64) 5510(100) 5510(104) 5550(108) 5550(112) 5590(116) 5670(132) 5670(136) 5755(149) 5755(153) 5795(157) 5795(161)
[BR (Brazil)]
2.4GHz/20MHz: 2412(1) 2417(2) 2422(3) 2427(4) 2432(5) 2437(6) 2442(7) 2447(8) 2452(9) 2457(10) 2462(11) 2467(12) 2472(13)
2.4GHz/40MHz: 2422(1) 2427(2) 2432(3) 2437(4) 2442(5) 2447(6) 2452(7) 2437(8) 2442(9) 2447(10) 2452(11)
5.2GHz/20MHz: 5180(36) 5200(40) 5220(44) 5240(48) 5260(52) 5280(56) 5300(60) 5320(64) 5500(100) 5520(104) 5540(108) 5560(112) 5580(116) 5660(132) 5680(136) 5700(140) 5745(149) 5765(153) 5785(157) 5805(161) 5825(165)
5.2GHz/40MHz: 5190(36) 5190(40) 5230(44) 5230(48) 5270(52) 5270(56) 5310(60) 5310(64) 5510(100) 5510(104) 5550(108) 5550(112) 5590(116) 5670(132) 5670(136) 5755(149) 5755(153) 5795(157) 5795(161)
[BN (Brunei Darussalam)]
2.4GHz/20MHz: 2412(1) 2417(2) 2422(3) 2427(4) 2432(5) 2437(6) 2442(7) 2447(8) 2452(9) 2457(10) 2462(11) 2467(12) 2472(13)
2.4GHz/40MHz: 2422(1) 2427(2) 2432(3) 2437(4) 2442(5) 2447(6) 2452(7) 2437(8) 2442(9) 2447(10) 2452(11)
5.2GHz/20MHz: 5180(36) 5200(40) 5220(44) 5240(48) 5260(52) 5280(56) 5300(60) 5320(64) 5500(100) 5520(104) 5540(108) 5560(112) 5580(116) 5600(120) 5620(124) 5640(128) 5660(132) 5680(136) 5700(140)
5.2GHz/40MHz: 5190(36) 5190(40) 5230(44) 5230(48) 5270(52) 5270(56) 5310(60) 5310(64) 5510(100) 5510(104) 5550(108) 5550(112) 5590(116) 5590(120) 5630(124) 5630(128) 5670(132) 5670(136)
[BG (Bulgaria)]
2.4GHz/20MHz: 2412(1) 2417(2) 2422(3) 2427(4) 2432(5) 2437(6) 2442(7) 2447(8) 2452(9) 2457(10) 2462(11) 2467(12) 2472(13)
2.4GHz/40MHz: 2422(1) 2427(2) 2432(3) 2437(4) 2442(5) 2447(6) 2452(7) 2457(8) 2462(9) 2447(10) 2452(11) 2457(12) 2462(13)
5.2GHz/20MHz: 5180(36) 5200(40) 5220(44) 5240(48) 5260(52) 5280(56) 5300(60) 5320(64) 5500(100) 5520(104) 5540(108) 5560(112) 5580(116) 5600(120) 5620(124) 5640(128) 5660(132) 5680(136) 5700(140)
5.2GHz/40MHz: 5190(36) 5190(40) 5230(44) 5230(48) 5270(52) 5270(56) 5310(60) 5310(64) 5510(100) 5510(104) 5550(108) 5550(112) 5590(116) 5590(120) 5630(124) 5630(128) 5670(132) 5670(136)
[CA (Canada)]
2.4GHz/20MHz: 2412(1) 2417(2) 2422(3) 2427(4) 2432(5) 2437(6) 2442(7) 2447(8) 2452(9) 2457(10) 2462(11)
2.4GHz/40MHz: 2422(1) 2427(2) 2432(3) 2437(4) 2442(5) 2447(6) 2452(7) 2437(8) 2442(9) 2447(10) 2452(11)
5.2GHz/20MHz: 5180(36) 5200(40) 5220(44) 5240(48) 5260(52) 5280(56) 5300(60) 5320(64) 5500(100) 5520(104) 5540(108) 5560(112) 5580(116) 5660(132) 5680(136) 5700(140) 5745(149) 5765(153) 5785(157) 5805(161) 5825(165)
5.2GHz/40MHz: 5190(36) 5190(40) 5230(44) 5230(48) 5270(52) 5270(56) 5310(60) 5310(64) 5510(100) 5510(104) 5550(108) 5550(112) 5590(116) 5670(132) 5670(136) 5755(149) 5755(153) 5795(157) 5795(161)
[CL (Chile)]
2.4GHz/20MHz: 2412(1) 2417(2) 2422(3) 2427(4) 2432(5) 2437(6) 2442(7) 2447(8) 2452(9) 2457(10) 2462(11) 2467(12) 2472(13)
2.4GHz/40MHz: 2422(1) 2427(2) 2432(3) 2437(4) 2442(5) 2447(6) 2452(7) 2437(8) 2442(9) 2447(10) 2452(11)
5.2GHz/20MHz: 5180(36) 5200(40) 5220(44) 5240(48) 5260(52) 5280(56) 5300(60) 5320(64) 5500(100) 5520(104) 5540(108) 5560(112) 5580(116) 5660(132) 5680(136) 5700(140) 5745(149) 5765(153) 5785(157) 5805(161) 5825(165)
5.2GHz/40MHz: 5190(36) 5190(40) 5230(44) 5230(48) 5270(52) 5270(56) 5310(60) 5310(64) 5510(100) 5510(104) 5550(108) 5550(112) 5590(116) 5670(132) 5670(136) 5755(149) 5755(153) 5795(157) 5795(161)
[CN (China)]
2.4GHz/20MHz: 2412(1) 2417(2) 2422(3) 2427(4) 2432(5) 2437(6) 2442(7) 2447(8) 2452(9) 2457(10) 2462(11) 2467(12) 2472(13)
2.4GHz/40MHz: 2422(1) 2427(2) 2432(3) 2437(4) 2442(5) 2447(6) 2452(7) 2437(8) 2442(9) 2447(10) 2452(11)
5.2GHz/20MHz: 5745(149) 5765(153) 5785(157) 5805(161) 5825(165)
5.2GHz/40MHz: 5755(149) 5755(153) 5795(157) 5795(161)
[CO (Colombia)]
2.4GHz/20MHz: 2412(1) 2417(2) 2422(3) 2427(4) 2432(5) 2437(6) 2442(7) 2447(8) 2452(9) 2457(10) 2462(11)
2.4GHz/40MHz: 2422(1) 2427(2) 2432(3) 2437(4) 2442(5) 2447(6) 2452(7) 2437(8) 2442(9) 2447(10) 2452(11)
5.2GHz/20MHz: 5180(36) 5200(40) 5220(44) 5240(48) 5260(52) 5280(56) 5300(60) 5320(64) 5500(100) 5520(104) 5540(108) 5560(112) 5580(116) 5660(132) 5680(136) 5700(140) 5745(149) 5765(153) 5785(157) 5805(161) 5825(165)
5.2GHz/40MHz: 5190(36) 5190(40) 5230(44) 5230(48) 5270(52) 5270(56) 5310(60) 5310(64) 5510(100) 5510(104) 5550(108) 5550(112) 5590(116) 5670(132) 5670(136) 5755(149) 5755(153) 5795(157) 5795(161)
[CR (Costa Rica)]
2.4GHz/20MHz: 2412(1) 2417(2) 2422(3) 2427(4) 2432(5) 2437(6) 2442(7) 2447(8) 2452(9) 2457(10) 2462(11) 2467(12) 2472(13)
2.4GHz/40MHz: 2422(1) 2427(2) 2432(3) 2437(4) 2442(5) 2447(6) 2452(7) 2437(8) 2442(9) 2447(10) 2452(11)
5.2GHz/20MHz: 5180(36) 5200(40) 5220(44) 5240(48) 5260(52) 5280(56) 5300(60) 5320(64) 5500(100) 5520(104) 5540(108) 5560(112) 5580(116) 5660(132) 5680(136) 5700(140) 5745(149) 5765(153) 5785(157) 5805(161) 5825(165)
5.2GHz/40MHz: 5190(36) 5190(40) 5230(44) 5230(48) 5270(52) 5270(56) 5310(60) 5310(64) 5510(100) 5510(104) 5550(108) 5550(112) 5590(116) 5670(132) 5670(136) 5755(149) 5755(153) 5795(157) 5795(161)
[HR (Croatia)]
2.4GHz/20MHz: 2412(1) 2417(2) 2422(3) 2427(4) 2432(5) 2437(6) 2442(7) 2447(8) 2452(9) 2457(10) 2462(11) 2467(12) 2472(13)
2.4GHz/40MHz: 2422(1) 2427(2) 2432(3) 2437(4) 2442(5) 2447(6) 2452(7) 2437(8) 2442(9) 2447(10) 2452(11)
5.2GHz/20MHz: 5180(36) 5200(40) 5220(44) 5240(48) 5260(52) 5280(56) 5300(60) 5320(64) 5500(100) 5520(104) 5540(108) 5560(112) 5580(116) 5600(120) 5620(124) 5640(128) 5660(132) 5680(136) 5700(140)
5.2GHz/40MHz: 5190(36) 5190(40) 5230(44) 5230(48) 5270(52) 5270(56) 5310(60) 5310(64) 5510(100) 5510(104) 5550(108) 5550(112) 5590(116) 5590(120) 5630(124) 5630(128) 5670(132) 5670(136)
[CY (Cyprus)]
2.4GHz/20MHz: 2412(1) 2417(2) 2422(3) 2427(4) 2432(5) 2437(6) 2442(7) 2447(8) 2452(9) 2457(10) 2462(11) 2467(12) 2472(13)
2.4GHz/40MHz: 2422(1) 2427(2) 2432(3) 2437(4) 2442(5) 2447(6) 2452(7) 2457(8) 2462(9) 2447(10) 2452(11) 2457(12) 2462(13)
5.2GHz/20MHz: 5180(36) 5200(40) 5220(44) 5240(48) 5260(52) 5280(56) 5300(60) 5320(64) 5500(100) 5520(104) 5540(108) 5560(112) 5580(116) 5600(120) 5620(124) 5640(128) 5660(132) 5680(136) 5700(140)
5.2GHz/40MHz: 5190(36) 5190(40) 5230(44) 5230(48) 5270(52) 5270(56) 5310(60) 5310(64) 5510(100) 5510(104) 5550(108) 5550(112) 5590(116) 5590(120) 5630(124) 5630(128) 5670(132) 5670(136)
[CZ (Czech Republic)]
2.4GHz/20MHz: 2412(1) 2417(2) 2422(3) 2427(4) 2432(5) 2437(6) 2442(7) 2447(8) 2452(9) 2457(10) 2462(11) 2467(12) 2472(13)
2.4GHz/40MHz: 2422(1) 2427(2) 2432(3) 2437(4) 2442(5) 2447(6) 2452(7) 2457(8) 2462(9) 2447(10) 2452(11) 2457(12) 2462(13)
5.2GHz/20MHz: 5180(36) 5200(40) 5220(44) 5240(48) 5260(52) 5280(56) 5300(60) 5320(64) 5500(100) 5520(104) 5540(108) 5560(112) 5580(116) 5600(120) 5620(124) 5640(128) 5660(132) 5680(136) 5700(140)
5.2GHz/40MHz: 5190(36) 5190(40) 5230(44) 5230(48) 5270(52) 5270(56) 5310(60) 5310(64) 5510(100) 5510(104) 5550(108) 5550(112) 5590(116) 5590(120) 5630(124) 5630(128) 5670(132) 5670(136)
[DK (Denmark)]
2.4GHz/20MHz: 2412(1) 2417(2) 2422(3) 2427(4) 2432(5) 2437(6) 2442(7) 2447(8) 2452(9) 2457(10) 2462(11) 2467(12) 2472(13)
2.4GHz/40MHz: 2422(1) 2427(2) 2432(3) 2437(4) 2442(5) 2447(6) 2452(7) 2457(8) 2462(9) 2447(10) 2452(11) 2457(12) 2462(13)
5.2GHz/20MHz: 5180(36) 5200(40) 5220(44) 5240(48) 5260(52) 5280(56) 5300(60) 5320(64) 5500(100) 5520(104) 5540(108) 5560(112) 5580(116) 5600(120) 5620(124) 5640(128) 5660(132) 5680(136) 5700(140)
5.2GHz/40MHz: 5190(36) 5190(40) 5230(44) 5230(48) 5270(52) 5270(56) 5310(60) 5310(64) 5510(100) 5510(104) 5550(108) 5550(112) 5590(116) 5590(120) 5630(124) 5630(128) 5670(132) 5670(136)
[DO (Dominican Republic)]
2.4GHz/20MHz: 2412(1) 2417(2) 2422(3) 2427(4) 2432(5) 2437(6) 2442(7) 2447(8) 2452(9) 2457(10) 2462(11)
2.4GHz/40MHz: 2422(1) 2427(2) 2432(3) 2437(4) 2442(5) 2447(6) 2452(7) 2437(8) 2442(9) 2447(10) 2452(11)
5.2GHz/20MHz: 5180(36) 5200(40) 5220(44) 5240(48) 5260(52) 5280(56) 5300(60) 5320(64) 5500(100) 5520(104) 5540(108) 5560(112) 5580(116) 5660(132) 5680(136) 5700(140) 5745(149) 5765(153) 5785(157) 5805(161) 5825(165)
5.2GHz/40MHz: 5190(36) 5190(40) 5230(44) 5230(48) 5270(52) 5270(56) 5310(60) 5310(64) 5510(100) 5510(104) 5550(108) 5550(112) 5590(116) 5670(132) 5670(136) 5755(149) 5755(153) 5795(157) 5795(161)
[EC (Ecuador)]
2.4GHz/20MHz: 2412(1) 2417(2) 2422(3) 2427(4) 2432(5) 2437(6) 2442(7) 2447(8) 2452(9) 2457(10) 2462(11) 2467(12) 2472(13)
2.4GHz/40MHz: 2422(1) 2427(2) 2432(3) 2437(4) 2442(5) 2447(6) 2452(7) 2437(8) 2442(9) 2447(10) 2452(11)
5.2GHz/20MHz: 5180(36) 5200(40) 5220(44) 5240(48) 5260(52) 5280(56) 5300(60) 5320(64) 5500(100) 5520(104) 5540(108) 5560(112) 5580(116) 5660(132) 5680(136) 5700(140) 5745(149) 5765(153) 5785(157) 5805(161) 5825(165)
5.2GHz/40MHz: 5190(36) 5190(40) 5230(44) 5230(48) 5270(52) 5270(56) 5310(60) 5310(64) 5510(100) 5510(104) 5550(108) 5550(112) 5590(116) 5670(132) 5670(136) 5755(149) 5755(153) 5795(157) 5795(161)
[EG (Egypt)]
2.4GHz/20MHz: 2412(1) 2417(2) 2422(3) 2427(4) 2432(5) 2437(6) 2442(7) 2447(8) 2452(9) 2457(10) 2462(11) 2467(12) 2472(13)
2.4GHz/40MHz: 2422(1) 2427(2) 2432(3) 2437(4) 2442(5) 2447(6) 2452(7) 2437(8) 2442(9) 2447(10) 2452(11)
5.2GHz/20MHz: 5180(36) 5200(40) 5220(44) 5240(48) 5260(52) 5280(56) 5300(60) 5320(64) 5500(100) 5520(104) 5540(108) 5560(112) 5580(116) 5600(120) 5620(124) 5640(128) 5660(132) 5680(136) 5700(140)
5.2GHz/40MHz: 5190(36) 5190(40) 5230(44) 5230(48) 5270(52) 5270(56) 5310(60) 5310(64) 5510(100) 5510(104) 5550(108) 5550(112) 5590(116) 5590(120) 5630(124) 5630(128) 5670(132) 5670(136)
[SV (El Salvador)]
2.4GHz/20MHz: 2412(1) 2417(2) 2422(3) 2427(4) 2432(5) 2437(6) 2442(7) 2447(8) 2452(9) 2457(10) 2462(11) 2467(12) 2472(13)
2.4GHz/40MHz: 2422(1) 2427(2) 2432(3) 2437(4) 2442(5) 2447(6) 2452(7) 2437(8) 2442(9) 2447(10) 2452(11)
5.2GHz/20MHz: 5180(36) 5200(40) 5220(44) 5240(48) 5260(52) 5280(56) 5300(60) 5320(64) 5500(100) 5520(104) 5540(108) 5560(112) 5580(116) 5660(132) 5680(136) 5700(140) 5745(149) 5765(153) 5785(157) 5805(161) 5825(165)
5.2GHz/40MHz: 5190(36) 5190(40) 5230(44) 5230(48) 5270(52) 5270(56) 5310(60) 5310(64) 5510(100) 5510(104) 5550(108) 5550(112) 5590(116) 5670(132) 5670(136) 5755(149) 5755(153) 5795(157) 5795(161)
[EE (Estonia)]
2.4GHz/20MHz: 2412(1) 2417(2) 2422(3) 2427(4) 2432(5) 2437(6) 2442(7) 2447(8) 2452(9) 2457(10) 2462(11) 2467(12) 2472(13)
2.4GHz/40MHz: 2422(1) 2427(2) 2432(3) 2437(4) 2442(5) 2447(6) 2452(7) 2457(8) 2462(9) 2447(10) 2452(11) 2457(12) 2462(13)
5.2GHz/20MHz: 5180(36) 5200(40) 5220(44) 5240(48) 5260(52) 5280(56) 5300(60) 5320(64) 5500(100) 5520(104) 5540(108) 5560(112) 5580(116) 5600(120) 5620(124) 5640(128) 5660(132) 5680(136) 5700(140)
5.2GHz/40MHz: 5190(36) 5190(40) 5230(44) 5230(48) 5270(52) 5270(56) 5310(60) 5310(64) 5510(100) 5510(104) 5550(108) 5550(112) 5590(116) 5590(120) 5630(124) 5630(128) 5670(132) 5670(136)
[EU (European Union)]
2.4GHz/20MHz: 2412(1) 2417(2) 2422(3) 2427(4) 2432(5) 2437(6) 2442(7) 2447(8) 2452(9) 2457(10) 2462(11) 2467(12) 2472(13)
2.4GHz/40MHz: 2422(1) 2427(2) 2432(3) 2437(4) 2442(5) 2447(6) 2452(7) 2457(8) 2462(9) 2447(10) 2452(11) 2457(12) 2462(13)
5.2GHz/20MHz: 5180(36) 5200(40) 5220(44) 5240(48) 5260(52) 5280(56) 5300(60) 5320(64) 5500(100) 5520(104) 5540(108) 5560(112) 5580(116) 5600(120) 5620(124) 5640(128) 5660(132) 5680(136) 5700(140)
5.2GHz/40MHz: 5190(36) 5190(40) 5230(44) 5230(48) 5270(52) 5270(56) 5310(60) 5310(64) 5510(100) 5510(104) 5550(108) 5550(112) 5590(116) 5590(120) 5630(124) 5630(128) 5670(132) 5670(136)
[FI (Finland)]
2.4GHz/20MHz: 2412(1) 2417(2) 2422(3) 2427(4) 2432(5) 2437(6) 2442(7) 2447(8) 2452(9) 2457(10) 2462(11) 2467(12) 2472(13)
2.4GHz/40MHz: 2422(1) 2427(2) 2432(3) 2437(4) 2442(5) 2447(6) 2452(7) 2457(8) 2462(9) 2447(10) 2452(11) 2457(12) 2462(13)
5.2GHz/20MHz: 5180(36) 5200(40) 5220(44) 5240(48) 5260(52) 5280(56) 5300(60) 5320(64) 5500(100) 5520(104) 5540(108) 5560(112) 5580(116) 5600(120) 5620(124) 5640(128) 5660(132) 5680(136) 5700(140)
5.2GHz/40MHz: 5190(36) 5190(40) 5230(44) 5230(48) 5270(52) 5270(56) 5310(60) 5310(64) 5510(100) 5510(104) 5550(108) 5550(112) 5590(116) 5590(120) 5630(124) 5630(128) 5670(132) 5670(136)
[FR (France)]
2.4GHz/20MHz: 2412(1) 2417(2) 2422(3) 2427(4) 2432(5) 2437(6) 2442(7) 2447(8) 2452(9) 2457(10) 2462(11) 2467(12) 2472(13)
2.4GHz/40MHz: 2422(1) 2427(2) 2432(3) 2437(4) 2442(5) 2447(6) 2452(7) 2457(8) 2462(9) 2447(10) 2452(11) 2457(12) 2462(13)
5.2GHz/20MHz: 5180(36) 5200(40) 5220(44) 5240(48) 5260(52) 5280(56) 5300(60) 5320(64) 5500(100) 5520(104) 5540(108) 5560(112) 5580(116) 5600(120) 5620(124) 5640(128) 5660(132) 5680(136) 5700(140)
5.2GHz/40MHz: 5190(36) 5190(40) 5230(44) 5230(48) 5270(52) 5270(56) 5310(60) 5310(64) 5510(100) 5510(104) 5550(108) 5550(112) 5590(116) 5590(120) 5630(124) 5630(128) 5670(132) 5670(136)
[GE (Georgia)]
2.4GHz/20MHz: 2412(1) 2417(2) 2422(3) 2427(4) 2432(5) 2437(6) 2442(7) 2447(8) 2452(9) 2457(10) 2462(11) 2467(12) 2472(13)
2.4GHz/40MHz: 2422(1) 2427(2) 2432(3) 2437(4) 2442(5) 2447(6) 2452(7) 2437(8) 2442(9) 2447(10) 2452(11)
5.2GHz/20MHz: 5180(36) 5200(40) 5220(44) 5240(48) 5260(52) 5280(56) 5300(60) 5320(64) 5500(100) 5520(104) 5540(108) 5560(112) 5580(116) 5600(120) 5620(124) 5640(128) 5660(132) 5680(136) 5700(140)
5.2GHz/40MHz: 5190(36) 5190(40) 5230(44) 5230(48) 5270(52) 5270(56) 5310(60) 5310(64) 5510(100) 5510(104) 5550(108) 5550(112) 5590(116) 5590(120) 5630(124) 5630(128) 5670(132) 5670(136)
[DE (Germany)]
2.4GHz/20MHz: 2412(1) 2417(2) 2422(3) 2427(4) 2432(5) 2437(6) 2442(7) 2447(8) 2452(9) 2457(10) 2462(11) 2467(12) 2472(13)
2.4GHz/40MHz: 2422(1) 2427(2) 2432(3) 2437(4) 2442(5) 2447(6) 2452(7) 2457(8) 2462(9) 2447(10) 2452(11) 2457(12) 2462(13)
5.2GHz/20MHz: 5180(36) 5200(40) 5220(44) 5240(48) 5260(52) 5280(56) 5300(60) 5320(64) 5500(100) 5520(104) 5540(108) 5560(112) 5580(116) 5600(120) 5620(124) 5640(128) 5660(132) 5680(136) 5700(140)
5.2GHz/40MHz: 5190(36) 5190(40) 5230(44) 5230(48) 5270(52) 5270(56) 5310(60) 5310(64) 5510(100) 5510(104) 5550(108) 5550(112) 5590(116) 5590(120) 5630(124) 5630(128) 5670(132) 5670(136)
[GR (Greece)]
2.4GHz/20MHz: 2412(1) 2417(2) 2422(3) 2427(4) 2432(5) 2437(6) 2442(7) 2447(8) 2452(9) 2457(10) 2462(11) 2467(12) 2472(13)
2.4GHz/40MHz: 2422(1) 2427(2) 2432(3) 2437(4) 2442(5) 2447(6) 2452(7) 2457(8) 2462(9) 2447(10) 2452(11) 2457(12) 2462(13)
5.2GHz/20MHz: 5180(36) 5200(40) 5220(44) 5240(48) 5260(52) 5280(56) 5300(60) 5320(64) 5500(100) 5520(104) 5540(108) 5560(112) 5580(116) 5600(120) 5620(124) 5640(128) 5660(132) 5680(136) 5700(140)
5.2GHz/40MHz: 5190(36) 5190(40) 5230(44) 5230(48) 5270(52) 5270(56) 5310(60) 5310(64) 5510(100) 5510(104) 5550(108) 5550(112) 5590(116) 5590(120) 5630(124) 5630(128) 5670(132) 5670(136)
[GT (Guatemala)]
2.4GHz/20MHz: 2412(1) 2417(2) 2422(3) 2427(4) 2432(5) 2437(6) 2442(7) 2447(8) 2452(9) 2457(10) 2462(11)
2.4GHz/40MHz: 2422(1) 2427(2) 2432(3) 2437(4) 2442(5) 2447(6) 2452(7) 2437(8) 2442(9) 2447(10) 2452(11)
5.2GHz/20MHz: 5180(36) 5200(40) 5220(44) 5240(48) 5260(52) 5280(56) 5300(60) 5320(64) 5500(100) 5520(104) 5540(108) 5560(112) 5580(116) 5660(132) 5680(136) 5700(140) 5745(149) 5765(153) 5785(157) 5805(161) 5825(165)
5.2GHz/40MHz: 5190(36) 5190(40) 5230(44) 5230(48) 5270(52) 5270(56) 5310(60) 5310(64) 5510(100) 5510(104) 5550(108) 5550(112) 5590(116) 5670(132) 5670(136) 5755(149) 5755(153) 5795(157) 5795(161)
[HN (Honduras)]
2.4GHz/20MHz: 2412(1) 2417(2) 2422(3) 2427(4) 2432(5) 2437(6) 2442(7) 2447(8) 2452(9) 2457(10) 2462(11) 2467(12) 2472(13)
2.4GHz/40MHz: 2422(1) 2427(2) 2432(3) 2437(4) 2442(5) 2447(6) 2452(7) 2437(8) 2442(9) 2447(10) 2452(11)
5.2GHz/20MHz: 5180(36) 5200(40) 5220(44) 5240(48) 5260(52) 5280(56) 5300(60) 5320(64) 5500(100) 5520(104) 5540(108) 5560(112) 5580(116) 5660(132) 5680(136) 5700(140) 5745(149) 5765(153) 5785(157) 5805(161) 5825(165)
5.2GHz/40MHz: 5190(36) 5190(40) 5230(44) 5230(48) 5270(52) 5270(56) 5310(60) 5310(64) 5510(100) 5510(104) 5550(108) 5550(112) 5590(116) 5670(132) 5670(136) 5755(149) 5755(153) 5795(157) 5795(161)
[HK (Hong Kong)]
2.4GHz/20MHz: 2412(1) 2417(2) 2422(3) 2427(4) 2432(5) 2437(6) 2442(7) 2447(8) 2452(9) 2457(10) 2462(11) 2467(12) 2472(13)
2.4GHz/40MHz: 2422(1) 2427(2) 2432(3) 2437(4) 2442(5) 2447(6) 2452(7) 2437(8) 2442(9) 2447(10) 2452(11)
5.2GHz/20MHz: 5180(36) 5200(40) 5220(44) 5240(48) 5260(52) 5280(56) 5300(60) 5320(64) 5500(100) 5520(104) 5540(108) 5560(112) 5580(116) 5600(120) 5620(124) 5640(128) 5660(132) 5680(136) 5700(140)
5.2GHz/40MHz: 5190(36) 5190(40) 5230(44) 5230(48) 5270(52) 5270(56) 5310(60) 5310(64) 5510(100) 5510(104) 5550(108) 5550(112) 5590(116) 5590(120) 5630(124) 5630(128) 5670(132) 5670(136)
[HU (Hungary)]
2.4GHz/20MHz: 2412(1) 2417(2) 2422(3) 2427(4) 2432(5) 2437(6) 2442(7) 2447(8) 2452(9) 2457(10) 2462(11) 2467(12) 2472(13)
2.4GHz/40MHz: 2422(1) 2427(2) 2432(3) 2437(4) 2442(5) 2447(6) 2452(7) 2457(8) 2462(9) 2447(10) 2452(11) 2457(12) 2462(13)
5.2GHz/20MHz: 5180(36) 5200(40) 5220(44) 5240(48) 5260(52) 5280(56) 5300(60) 5320(64) 5500(100) 5520(104) 5540(108) 5560(112) 5580(116) 5600(120) 5620(124) 5640(128) 5660(132) 5680(136) 5700(140)
5.2GHz/40MHz: 5190(36) 5190(40) 5230(44) 5230(48) 5270(52) 5270(56) 5310(60) 5310(64) 5510(100) 5510(104) 5550(108) 5550(112) 5590(116) 5590(120) 5630(124) 5630(128) 5670(132) 5670(136)
[IS (Iceland)]
2.4GHz/20MHz: 2412(1) 2417(2) 2422(3) 2427(4) 2432(5) 2437(6) 2442(7) 2447(8) 2452(9) 2457(10) 2462(11) 2467(12) 2472(13)
2.4GHz/40MHz: 2422(1) 2427(2) 2432(3) 2437(4) 2442(5) 2447(6) 2452(7) 2437(8) 2442(9) 2447(10) 2452(11)
5.2GHz/20MHz: 5180(36) 5200(40) 5220(44) 5240(48) 5260(52) 5280(56) 5300(60) 5320(64) 5500(100) 5520(104) 5540(108) 5560(112) 5580(116) 5600(120) 5620(124) 5640(128) 5660(132) 5680(136) 5700(140)
5.2GHz/40MHz: 5190(36) 5190(40) 5230(44) 5230(48) 5270(52) 5270(56) 5310(60) 5310(64) 5510(100) 5510(104) 5550(108) 5550(112) 5590(116) 5590(120) 5630(124) 5630(128) 5670(132) 5670(136)
[IN (India)]
2.4GHz/20MHz: 2412(1) 2417(2) 2422(3) 2427(4) 2432(5) 2437(6) 2442(7) 2447(8) 2452(9) 2457(10) 2462(11) 2467(12) 2472(13)
2.4GHz/40MHz: 2422(1) 2427(2) 2432(3) 2437(4) 2442(5) 2447(6) 2452(7) 2437(8) 2442(9) 2447(10) 2452(11)
5.2GHz/20MHz: 5180(36) 5200(40) 5220(44) 5240(48) 5260(52) 5280(56) 5300(60) 5320(64) 5500(100) 5520(104) 5540(108) 5560(112) 5580(116) 5600(120) 5620(124) 5640(128) 5660(132) 5680(136) 5700(140)
5.2GHz/40MHz: 5190(36) 5190(40) 5230(44) 5230(48) 5270(52) 5270(56) 5310(60) 5310(64) 5510(100) 5510(104) 5550(108) 5550(112) 5590(116) 5590(120) 5630(124) 5630(128) 5670(132) 5670(136)
[ID (Indonesia)]
2.4GHz/20MHz: 2412(1) 2417(2) 2422(3) 2427(4) 2432(5) 2437(6) 2442(7) 2447(8) 2452(9) 2457(10) 2462(11) 2467(12) 2472(13)
2.4GHz/40MHz: 2422(1) 2427(2) 2432(3) 2437(4) 2442(5) 2447(6) 2452(7) 2437(8) 2442(9) 2447(10) 2452(11)
5.2GHz/20MHz: 5180(36) 5200(40) 5220(44) 5240(48) 5260(52) 5280(56) 5300(60) 5320(64) 5500(100) 5520(104) 5540(108) 5560(112) 5580(116) 5600(120) 5620(124) 5640(128) 5660(132) 5680(136) 5700(140)
5.2GHz/40MHz: 5190(36) 5190(40) 5230(44) 5230(48) 5270(52) 5270(56) 5310(60) 5310(64) 5510(100) 5510(104) 5550(108) 5550(112) 5590(116) 5590(120) 5630(124) 5630(128) 5670(132) 5670(136)
[IR (Iran)]
2.4GHz/20MHz: 2412(1) 2417(2) 2422(3) 2427(4) 2432(5) 2437(6) 2442(7) 2447(8) 2452(9) 2457(10) 2462(11) 2467(12) 2472(13)
2.4GHz/40MHz: 2422(1) 2427(2) 2432(3) 2437(4) 2442(5) 2447(6) 2452(7) 2437(8) 2442(9) 2447(10) 2452(11)
5.2GHz/20MHz: 5180(36) 5200(40) 5220(44) 5240(48) 5260(52) 5280(56) 5300(60) 5320(64) 5500(100) 5520(104) 5540(108) 5560(112) 5580(116) 5600(120) 5620(124) 5640(128) 5660(132) 5680(136) 5700(140)
5.2GHz/40MHz: 5190(36) 5190(40) 5230(44) 5230(48) 5270(52) 5270(56) 5310(60) 5310(64) 5510(100) 5510(104) 5550(108) 5550(112) 5590(116) 5590(120) 5630(124) 5630(128) 5670(132) 5670(136)
[IE (Ireland)]
2.4GHz/20MHz: 2412(1) 2417(2) 2422(3) 2427(4) 2432(5) 2437(6) 2442(7) 2447(8) 2452(9) 2457(10) 2462(11) 2467(12) 2472(13)
2.4GHz/40MHz: 2422(1) 2427(2) 2432(3) 2437(4) 2442(5) 2447(6) 2452(7) 2457(8) 2462(9) 2447(10) 2452(11) 2457(12) 2462(13)
5.2GHz/20MHz: 5180(36) 5200(40) 5220(44) 5240(48) 5260(52) 5280(56) 5300(60) 5320(64) 5500(100) 5520(104) 5540(108) 5560(112) 5580(116) 5600(120) 5620(124) 5640(128) 5660(132) 5680(136) 5700(140)
5.2GHz/40MHz: 5190(36) 5190(40) 5230(44) 5230(48) 5270(52) 5270(56) 5310(60) 5310(64) 5510(100) 5510(104) 5550(108) 5550(112) 5590(116) 5590(120) 5630(124) 5630(128) 5670(132) 5670(136)
[IL (Israel)]
2.4GHz/20MHz: 2412(1) 2417(2) 2422(3) 2427(4) 2432(5) 2437(6) 2442(7) 2447(8) 2452(9) 2457(10) 2462(11) 2467(12) 2472(13)
2.4GHz/40MHz: 2422(1) 2427(2) 2432(3) 2437(4) 2442(5) 2447(6) 2452(7) 2437(8) 2442(9) 2447(10) 2452(11)
5.2GHz/20MHz: 5180(36) 5200(40) 5220(44) 5240(48) 5260(52) 5280(56) 5300(60) 5320(64)
5.2GHz/40MHz: 5190(36) 5190(40) 5230(44) 5230(48) 5270(52) 5270(56) 5310(60) 5310(64)
[IT (Italy)]
2.4GHz/20MHz: 2412(1) 2417(2) 2422(3) 2427(4) 2432(5) 2437(6) 2442(7) 2447(8) 2452(9) 2457(10) 2462(11) 2467(12) 2472(13)
2.4GHz/40MHz: 2422(1) 2427(2) 2432(3) 2437(4) 2442(5) 2447(6) 2452(7) 2457(8) 2462(9) 2447(10) 2452(11) 2457(12) 2462(13)
5.2GHz/20MHz: 5180(36) 5200(40) 5220(44) 5240(48) 5260(52) 5280(56) 5300(60) 5320(64) 5500(100) 5520(104) 5540(108) 5560(112) 5580(116) 5600(120) 5620(124) 5640(128) 5660(132) 5680(136) 5700(140)
5.2GHz/40MHz: 5190(36) 5190(40) 5230(44) 5230(48) 5270(52) 5270(56) 5310(60) 5310(64) 5510(100) 5510(104) 5550(108) 5550(112) 5590(116) 5590(120) 5630(124) 5630(128) 5670(132) 5670(136)
[JP (Japan)]
2.4GHz/20MHz: 2412(1) 2417(2) 2422(3) 2427(4) 2432(5) 2437(6) 2442(7) 2447(8) 2452(9) 2457(10) 2462(11) 2467(12) 2472(13)
2.4GHz/40MHz: 2422(1) 2427(2) 2432(3) 2437(4) 2442(5) 2447(6) 2452(7) 2437(8) 2442(9) 2447(10) 2452(11)
5.2GHz/20MHz: 5180(36) 5200(40) 5220(44) 5240(48) 5260(52) 5280(56) 5300(60) 5320(64) 5500(100) 5520(104) 5540(108) 5560(112) 5580(116) 5600(120) 5620(124) 5640(128) 5660(132) 5680(136) 5700(140)
5.2GHz/40MHz: 5190(36) 5190(40) 5230(44) 5230(48) 5270(52) 5270(56) 5310(60) 5310(64) 5510(100) 5510(104) 5550(108) 5550(112) 5590(116) 5590(120) 5630(124) 5630(128) 5670(132) 5670(136)
[JO (Jordan)]
2.4GHz/20MHz: 2412(1) 2417(2) 2422(3) 2427(4) 2432(5) 2437(6) 2442(7) 2447(8) 2452(9) 2457(10) 2462(11) 2467(12) 2472(13)
2.4GHz/40MHz: 2422(1) 2427(2) 2432(3) 2437(4) 2442(5) 2447(6) 2452(7) 2437(8) 2442(9) 2447(10) 2452(11)
5.2GHz/20MHz: 5180(36) 5200(40) 5220(44) 5240(48) 5260(52) 5280(56) 5300(60) 5320(64) 5500(100) 5520(104) 5540(108) 5560(112) 5580(116) 5600(120) 5620(124) 5640(128) 5660(132) 5680(136) 5700(140)
5.2GHz/40MHz: 5190(36) 5190(40) 5230(44) 5230(48) 5270(52) 5270(56) 5310(60) 5310(64) 5510(100) 5510(104) 5550(108) 5550(112) 5590(116) 5590(120) 5630(124) 5630(128) 5670(132) 5670(136)
[KZ (Kazakhstan)]
2.4GHz/20MHz: 2412(1) 2417(2) 2422(3) 2427(4) 2432(5) 2437(6) 2442(7) 2447(8) 2452(9) 2457(10) 2462(11) 2467(12) 2472(13)
2.4GHz/40MHz: 2422(1) 2427(2) 2432(3) 2437(4) 2442(5) 2447(6) 2452(7) 2437(8) 2442(9) 2447(10) 2452(11)
5.2GHz/20MHz: 5180(36) 5200(40) 5220(44) 5240(48) 5260(52) 5280(56) 5300(60) 5320(64) 5500(100) 5520(104) 5540(108) 5560(112) 5580(116) 5600(120) 5620(124) 5640(128) 5660(132) 5680(136) 5700(140)
5.2GHz/40MHz: 5190(36) 5190(40) 5230(44) 5230(48) 5270(52) 5270(56) 5310(60) 5310(64) 5510(100) 5510(104) 5550(108) 5550(112) 5590(116) 5590(120) 5630(124) 5630(128) 5670(132) 5670(136)
[KR (Korea Republic of)]
2.4GHz/20MHz: 2412(1) 2417(2) 2422(3) 2427(4) 2432(5) 2437(6) 2442(7) 2447(8) 2452(9) 2457(10) 2462(11) 2467(12) 2472(13)
2.4GHz/40MHz: 2422(1) 2427(2) 2432(3) 2437(4) 2442(5) 2447(6) 2452(7) 2437(8) 2442(9) 2447(10) 2452(11)
5.2GHz/20MHz: 5180(36) 5200(40) 5220(44) 5240(48) 5260(52) 5280(56) 5300(60) 5320(64) 5500(100) 5520(104) 5540(108) 5560(112) 5580(116) 5600(120) 5620(124) 5640(128)
5.2GHz/40MHz: 5190(36) 5190(40) 5230(44) 5230(48) 5270(52) 5270(56) 5310(60) 5310(64) 5510(100) 5510(104) 5550(108) 5550(112) 5590(116) 5590(120) 5630(124) 5630(128)
[KW (Kuwait)]
2.4GHz/20MHz: 2412(1) 2417(2) 2422(3) 2427(4) 2432(5) 2437(6) 2442(7) 2447(8) 2452(9) 2457(10) 2462(11) 2467(12) 2472(13)
2.4GHz/40MHz: 2422(1) 2427(2) 2432(3) 2437(4) 2442(5) 2447(6) 2452(7) 2437(8) 2442(9) 2447(10) 2452(11)
5.2GHz/20MHz: 5180(36) 5200(40) 5220(44) 5240(48) 5260(52) 5280(56) 5300(60) 5320(64) 5500(100) 5520(104) 5540(108) 5560(112) 5580(116) 5600(120) 5620(124) 5640(128) 5660(132) 5680(136) 5700(140)
5.2GHz/40MHz: 5190(36) 5190(40) 5230(44) 5230(48) 5270(52) 5270(56) 5310(60) 5310(64) 5510(100) 5510(104) 5550(108) 5550(112) 5590(116) 5590(120) 5630(124) 5630(128) 5670(132) 5670(136)
[LV (Latvia)]
2.4GHz/20MHz: 2412(1) 2417(2) 2422(3) 2427(4) 2432(5) 2437(6) 2442(7) 2447(8) 2452(9) 2457(10) 2462(11) 2467(12) 2472(13)
2.4GHz/40MHz: 2422(1) 2427(2) 2432(3) 2437(4) 2442(5) 2447(6) 2452(7) 2457(8) 2462(9) 2447(10) 2452(11) 2457(12) 2462(13)
5.2GHz/20MHz: 5180(36) 5200(40) 5220(44) 5240(48) 5260(52) 5280(56) 5300(60) 5320(64) 5500(100) 5520(104) 5540(108) 5560(112) 5580(116) 5600(120) 5620(124) 5640(128) 5660(132) 5680(136) 5700(140)
5.2GHz/40MHz: 5190(36) 5190(40) 5230(44) 5230(48) 5270(52) 5270(56) 5310(60) 5310(64) 5510(100) 5510(104) 5550(108) 5550(112) 5590(116) 5590(120) 5630(124) 5630(128) 5670(132) 5670(136)
[LB (Lebanon)]
2.4GHz/20MHz: 2412(1) 2417(2) 2422(3) 2427(4) 2432(5) 2437(6) 2442(7) 2447(8) 2452(9) 2457(10) 2462(11) 2467(12) 2472(13)
2.4GHz/40MHz: 2422(1) 2427(2) 2432(3) 2437(4) 2442(5) 2447(6) 2452(7) 2437(8) 2442(9) 2447(10) 2452(11)
5.2GHz/20MHz: 5180(36) 5200(40) 5220(44) 5240(48) 5260(52) 5280(56) 5300(60) 5320(64) 5500(100) 5520(104) 5540(108) 5560(112) 5580(116) 5600(120) 5620(124) 5640(128) 5660(132) 5680(136) 5700(140)
5.2GHz/40MHz: 5190(36) 5190(40) 5230(44) 5230(48) 5270(52) 5270(56) 5310(60) 5310(64) 5510(100) 5510(104) 5550(108) 5550(112) 5590(116) 5590(120) 5630(124) 5630(128) 5670(132) 5670(136)
[LI (Liechtenstein)]
2.4GHz/20MHz: 2412(1) 2417(2) 2422(3) 2427(4) 2432(5) 2437(6) 2442(7) 2447(8) 2452(9) 2457(10) 2462(11) 2467(12) 2472(13)
2.4GHz/40MHz: 2422(1) 2427(2) 2432(3) 2437(4) 2442(5) 2447(6) 2452(7) 2437(8) 2442(9) 2447(10) 2452(11)
5.2GHz/20MHz: 5180(36) 5200(40) 5220(44) 5240(48) 5260(52) 5280(56) 5300(60) 5320(64) 5500(100) 5520(104) 5540(108) 5560(112) 5580(116) 5600(120) 5620(124) 5640(128) 5660(132) 5680(136) 5700(140)
5.2GHz/40MHz: 5190(36) 5190(40) 5230(44) 5230(48) 5270(52) 5270(56) 5310(60) 5310(64) 5510(100) 5510(104) 5550(108) 5550(112) 5590(116) 5590(120) 5630(124) 5630(128) 5670(132) 5670(136)
[LT (Lithuania)]
2.4GHz/20MHz: 2412(1) 2417(2) 2422(3) 2427(4) 2432(5) 2437(6) 2442(7) 2447(8) 2452(9) 2457(10) 2462(11) 2467(12) 2472(13)
2.4GHz/40MHz: 2422(1) 2427(2) 2432(3) 2437(4) 2442(5) 2447(6) 2452(7) 2457(8) 2462(9) 2447(10) 2452(11) 2457(12) 2462(13)
5.2GHz/20MHz: 5180(36) 5200(40) 5220(44) 5240(48) 5260(52) 5280(56) 5300(60) 5320(64) 5500(100) 5520(104) 5540(108) 5560(112) 5580(116) 5600(120) 5620(124) 5640(128) 5660(132) 5680(136) 5700(140)
5.2GHz/40MHz: 5190(36) 5190(40) 5230(44) 5230(48) 5270(52) 5270(56) 5310(60) 5310(64) 5510(100) 5510(104) 5550(108) 5550(112) 5590(116) 5590(120) 5630(124) 5630(128) 5670(132) 5670(136)
[LU (Luxembourg)]
2.4GHz/20MHz: 2412(1) 2417(2) 2422(3) 2427(4) 2432(5) 2437(6) 2442(7) 2447(8) 2452(9) 2457(10) 2462(11) 2467(12) 2472(13)
2.4GHz/40MHz: 2422(1) 2427(2) 2432(3) 2437(4) 2442(5) 2447(6) 2452(7) 2457(8) 2462(9) 2447(10) 2452(11) 2457(12) 2462(13)
5.2GHz/20MHz: 5180(36) 5200(40) 5220(44) 5240(48) 5260(52) 5280(56) 5300(60) 5320(64) 5500(100) 5520(104) 5540(108) 5560(112) 5580(116) 5600(120) 5620(124) 5640(128) 5660(132) 5680(136) 5700(140)
5.2GHz/40MHz: 5190(36) 5190(40) 5230(44) 5230(48) 5270(52) 5270(56) 5310(60) 5310(64) 5510(100) 5510(104) 5550(108) 5550(112) 5590(116) 5590(120) 5630(124) 5630(128) 5670(132) 5670(136)
[MO (Macau)]
2.4GHz/20MHz: 2412(1) 2417(2) 2422(3) 2427(4) 2432(5) 2437(6) 2442(7) 2447(8) 2452(9) 2457(10) 2462(11) 2467(12) 2472(13)
2.4GHz/40MHz: 2422(1) 2427(2) 2432(3) 2437(4) 2442(5) 2447(6) 2452(7) 2437(8) 2442(9) 2447(10) 2452(11)
5.2GHz/20MHz: 5180(36) 5200(40) 5220(44) 5240(48) 5260(52) 5280(56) 5300(60) 5320(64) 5500(100) 5520(104) 5540(108) 5560(112) 5580(116) 5600(120) 5620(124) 5640(128) 5660(132) 5680(136) 5700(140)
5.2GHz/40MHz: 5190(36) 5190(40) 5230(44) 5230(48) 5270(52) 5270(56) 5310(60) 5310(64) 5510(100) 5510(104) 5550(108) 5550(112) 5590(116) 5590(120) 5630(124) 5630(128) 5670(132) 5670(136)
[MK (Macedonia)]
2.4GHz/20MHz: 2412(1) 2417(2) 2422(3) 2427(4) 2432(5) 2437(6) 2442(7) 2447(8) 2452(9) 2457(10) 2462(11) 2467(12) 2472(13)
2.4GHz/40MHz: 2422(1) 2427(2) 2432(3) 2437(4) 2442(5) 2447(6) 2452(7) 2437(8) 2442(9) 2447(10) 2452(11)
5.2GHz/20MHz: 5180(36) 5200(40) 5220(44) 5240(48) 5260(52) 5280(56) 5300(60) 5320(64) 5500(100) 5520(104) 5540(108) 5560(112) 5580(116) 5600(120) 5620(124) 5640(128) 5660(132) 5680(136) 5700(140)
5.2GHz/40MHz: 5190(36) 5190(40) 5230(44) 5230(48) 5270(52) 5270(56) 5310(60) 5310(64) 5510(100) 5510(104) 5550(108) 5550(112) 5590(116) 5590(120) 5630(124) 5630(128) 5670(132) 5670(136)
[MY (Malaysia)]
2.4GHz/20MHz: 2412(1) 2417(2) 2422(3) 2427(4) 2432(5) 2437(6) 2442(7) 2447(8) 2452(9) 2457(10) 2462(11) 2467(12) 2472(13)
2.4GHz/40MHz: 2422(1) 2427(2) 2432(3) 2437(4) 2442(5) 2447(6) 2452(7) 2437(8) 2442(9) 2447(10) 2452(11)
5.2GHz/20MHz: 5180(36) 5200(40) 5220(44) 5240(48) 5260(52) 5280(56) 5300(60) 5320(64) 5500(100) 5520(104) 5540(108) 5560(112) 5580(116) 5600(120) 5620(124) 5640(128) 5660(132) 5680(136) 5700(140)
5.2GHz/40MHz: 5190(36) 5190(40) 5230(44) 5230(48) 5270(52) 5270(56) 5310(60) 5310(64) 5510(100) 5510(104) 5550(108) 5550(112) 5590(116) 5590(120) 5630(124) 5630(128) 5670(132) 5670(136)
[MX (Mexico)]
2.4GHz/20MHz: 2412(1) 2417(2) 2422(3) 2427(4) 2432(5) 2437(6) 2442(7) 2447(8) 2452(9) 2457(10) 2462(11)
2.4GHz/40MHz: 2422(1) 2427(2) 2432(3) 2437(4) 2442(5) 2447(6) 2452(7) 2437(8) 2442(9) 2447(10) 2452(11)
5.2GHz/20MHz: 5180(36) 5200(40) 5220(44) 5240(48) 5260(52) 5280(56) 5300(60) 5320(64) 5500(100) 5520(104) 5540(108) 5560(112) 5580(116) 5660(132) 5680(136) 5700(140) 5745(149) 5765(153) 5785(157) 5805(161) 5825(165)
5.2GHz/40MHz: 5190(36) 5190(40) 5230(44) 5230(48) 5270(52) 5270(56) 5310(60) 5310(64) 5510(100) 5510(104) 5550(108) 5550(112) 5590(116) 5670(132) 5670(136) 5755(149) 5755(153) 5795(157) 5795(161)
[MC (Monaco)]
2.4GHz/20MHz: 2412(1) 2417(2) 2422(3) 2427(4) 2432(5) 2437(6) 2442(7) 2447(8) 2452(9) 2457(10) 2462(11) 2467(12) 2472(13)
2.4GHz/40MHz: 2422(1) 2427(2) 2432(3) 2437(4) 2442(5) 2447(6) 2452(7) 2437(8) 2442(9) 2447(10) 2452(11)
5.2GHz/20MHz: 5180(36) 5200(40) 5220(44) 5240(48) 5260(52) 5280(56) 5300(60) 5320(64) 5500(100) 5520(104) 5540(108) 5560(112) 5580(116) 5600(120) 5620(124) 5640(128) 5660(132) 5680(136) 5700(140)
5.2GHz/40MHz: 5190(36) 5190(40) 5230(44) 5230(48) 5270(52) 5270(56) 5310(60) 5310(64) 5510(100) 5510(104) 5550(108) 5550(112) 5590(116) 5590(120) 5630(124) 5630(128) 5670(132) 5670(136)
[MA (Morocco)]
2.4GHz/20MHz: 2412(1) 2417(2) 2422(3) 2427(4) 2432(5) 2437(6) 2442(7) 2447(8) 2452(9) 2457(10) 2462(11) 2467(12) 2472(13)
2.4GHz/40MHz: 2422(1) 2427(2) 2432(3) 2437(4) 2442(5) 2447(6) 2452(7) 2437(8) 2442(9) 2447(10) 2452(11)
5.2GHz/20MHz: 5180(36) 5200(40) 5220(44) 5240(48) 5260(52) 5280(56) 5300(60) 5320(64) 5500(100) 5520(104) 5540(108) 5560(112) 5580(116) 5600(120) 5620(124) 5640(128) 5660(132) 5680(136) 5700(140)
5.2GHz/40MHz: 5190(36) 5190(40) 5230(44) 5230(48) 5270(52) 5270(56) 5310(60) 5310(64) 5510(100) 5510(104) 5550(108) 5550(112) 5590(116) 5590(120) 5630(124) 5630(128) 5670(132) 5670(136)
[NL (Netherlands)]
2.4GHz/20MHz: 2412(1) 2417(2) 2422(3) 2427(4) 2432(5) 2437(6) 2442(7) 2447(8) 2452(9) 2457(10) 2462(11) 2467(12) 2472(13)
2.4GHz/40MHz: 2422(1) 2427(2) 2432(3) 2437(4) 2442(5) 2447(6) 2452(7) 2457(8) 2462(9) 2447(10) 2452(11) 2457(12) 2462(13)
5.2GHz/20MHz: 5180(36) 5200(40) 5220(44) 5240(48) 5260(52) 5280(56) 5300(60) 5320(64) 5500(100) 5520(104) 5540(108) 5560(112) 5580(116)  5660(132) 5680(136) 5700(140)
5.2GHz/40MHz: 5190(36) 5190(40) 5230(44) 5230(48) 5270(52) 5270(56) 5310(60) 5310(64) 5510(100) 5510(104) 5550(108) 5550(112) 5670(132) 5670(136)
[NZ (New Zealand)]
2.4GHz/20MHz: 2412(1) 2417(2) 2422(3) 2427(4) 2432(5) 2437(6) 2442(7) 2447(8) 2452(9) 2457(10) 2462(11) 2467(12) 2472(13)
2.4GHz/40MHz: 2422(1) 2427(2) 2432(3) 2437(4) 2442(5) 2447(6) 2452(7) 2437(8) 2442(9) 2447(10) 2452(11)
5.2GHz/20MHz: 5180(36) 5200(40) 5220(44) 5240(48) 5260(52) 5280(56) 5300(60) 5320(64) 5500(100) 5520(104) 5540(108) 5560(112) 5580(116) 5600(120) 5620(124) 5640(128) 5660(132) 5680(136) 5700(140)
5.2GHz/40MHz: 5190(36) 5190(40) 5230(44) 5230(48) 5270(52) 5270(56) 5310(60) 5310(64) 5510(100) 5510(104) 5550(108) 5550(112) 5590(116) 5590(120) 5630(124) 5630(128) 5670(132) 5670(136)
[NO (Norway)]
2.4GHz/20MHz: 2412(1) 2417(2) 2422(3) 2427(4) 2432(5) 2437(6) 2442(7) 2447(8) 2452(9) 2457(10) 2462(11)
2.4GHz/40MHz: 2422(1) 2427(2) 2432(3) 2437(4) 2442(5) 2447(6) 2452(7) 2437(8) 2442(9) 2447(10) 2452(11)
5.2GHz/20MHz: 5180(36) 5200(40) 5220(44) 5240(48) 5260(52) 5280(56) 5300(60) 5320(64) 5500(100) 5520(104) 5540(108) 5560(112) 5580(116) 5600(120) 5620(124) 5640(128) 5660(132) 5680(136) 5700(140)
5.2GHz/40MHz: 5190(36) 5190(40) 5230(44) 5230(48) 5270(52) 5270(56) 5310(60) 5310(64) 5510(100) 5510(104) 5550(108) 5550(112) 5590(116) 5590(120) 5630(124) 5630(128) 5670(132) 5670(136)
[OM (Oman)]
2.4GHz/20MHz: 2412(1) 2417(2) 2422(3) 2427(4) 2432(5) 2437(6) 2442(7) 2447(8) 2452(9) 2457(10) 2462(11) 2467(12) 2472(13)
2.4GHz/40MHz: 2422(1) 2427(2) 2432(3) 2437(4) 2442(5) 2447(6) 2452(7) 2437(8) 2442(9) 2447(10) 2452(11)
5.2GHz/20MHz: 5180(36) 5200(40) 5220(44) 5240(48) 5260(52) 5280(56) 5300(60) 5320(64) 5500(100) 5520(104) 5540(108) 5560(112) 5580(116) 5600(120) 5620(124) 5640(128) 5660(132) 5680(136) 5700(140)
5.2GHz/40MHz: 5190(36) 5190(40) 5230(44) 5230(48) 5270(52) 5270(56) 5310(60) 5310(64) 5510(100) 5510(104) 5550(108) 5550(112) 5590(116) 5590(120) 5630(124) 5630(128) 5670(132) 5670(136)
[PK (Pakistan)]
2.4GHz/20MHz: 2412(1) 2417(2) 2422(3) 2427(4) 2432(5) 2437(6) 2442(7) 2447(8) 2452(9) 2457(10) 2462(11) 2467(12) 2472(13)
2.4GHz/40MHz: 2422(1) 2427(2) 2432(3) 2437(4) 2442(5) 2447(6) 2452(7) 2437(8) 2442(9) 2447(10) 2452(11)
5.2GHz/20MHz: 5180(36) 5200(40) 5220(44) 5240(48) 5260(52) 5280(56) 5300(60) 5320(64) 5500(100) 5520(104) 5540(108) 5560(112) 5580(116) 5600(120) 5620(124) 5640(128) 5660(132) 5680(136) 5700(140)
5.2GHz/40MHz: 5190(36) 5190(40) 5230(44) 5230(48) 5270(52) 5270(56) 5310(60) 5310(64) 5510(100) 5510(104) 5550(108) 5550(112) 5590(116) 5590(120) 5630(124) 5630(128) 5670(132) 5670(136)
[PA (Panama)]
2.4GHz/20MHz: 2412(1) 2417(2) 2422(3) 2427(4) 2432(5) 2437(6) 2442(7) 2447(8) 2452(9) 2457(10) 2462(11)
2.4GHz/40MHz: 2422(1) 2427(2) 2432(3) 2437(4) 2442(5) 2447(6) 2452(7) 2437(8) 2442(9) 2447(10) 2452(11)
5.2GHz/20MHz: 5180(36) 5200(40) 5220(44) 5240(48) 5260(52) 5280(56) 5300(60) 5320(64) 5500(100) 5520(104) 5540(108) 5560(112) 5580(116) 5660(132) 5680(136) 5700(140) 5745(149) 5765(153) 5785(157) 5805(161) 5825(165)
5.2GHz/40MHz: 5190(36) 5190(40) 5230(44) 5230(48) 5270(52) 5270(56) 5310(60) 5310(64) 5510(100) 5510(104) 5550(108) 5550(112) 5590(116) 5670(132) 5670(136) 5755(149) 5755(153) 5795(157) 5795(161)
[PE (Peru)]
2.4GHz/20MHz: 2412(1) 2417(2) 2422(3) 2427(4) 2432(5) 2437(6) 2442(7) 2447(8) 2452(9) 2457(10) 2462(11) 2467(12) 2472(13)
2.4GHz/40MHz: 2422(1) 2427(2) 2432(3) 2437(4) 2442(5) 2447(6) 2452(7) 2437(8) 2442(9) 2447(10) 2452(11)
5.2GHz/20MHz: 5180(36) 5200(40) 5220(44) 5240(48) 5260(52) 5280(56) 5300(60) 5320(64) 5500(100) 5520(104) 5540(108) 5560(112) 5580(116) 5660(132) 5680(136) 5700(140) 5745(149) 5765(153) 5785(157) 5805(161) 5825(165)
5.2GHz/40MHz: 5190(36) 5190(40) 5230(44) 5230(48) 5270(52) 5270(56) 5310(60) 5310(64) 5510(100) 5510(104) 5550(108) 5550(112) 5590(116) 5670(132) 5670(136) 5755(149) 5755(153) 5795(157) 5795(161)
[PH (Philippines)]
2.4GHz/20MHz: 2412(1) 2417(2) 2422(3) 2427(4) 2432(5) 2437(6) 2442(7) 2447(8) 2452(9) 2457(10) 2462(11) 2467(12) 2472(13)
2.4GHz/40MHz: 2422(1) 2427(2) 2432(3) 2437(4) 2442(5) 2447(6) 2452(7) 2437(8) 2442(9) 2447(10) 2452(11)
5.2GHz/20MHz: 5180(36) 5200(40) 5220(44) 5240(48) 5260(52) 5280(56) 5300(60) 5320(64) 5500(100) 5520(104) 5540(108) 5560(112) 5580(116) 5600(120) 5620(124) 5640(128) 5660(132) 5680(136) 5700(140)
5.2GHz/40MHz: 5190(36) 5190(40) 5230(44) 5230(48) 5270(52) 5270(56) 5310(60) 5310(64) 5510(100) 5510(104) 5550(108) 5550(112) 5590(116) 5590(120) 5630(124) 5630(128) 5670(132) 5670(136)
[PL (Poland)]
2.4GHz/20MHz: 2412(1) 2417(2) 2422(3) 2427(4) 2432(5) 2437(6) 2442(7) 2447(8) 2452(9) 2457(10) 2462(11) 2467(12) 2472(13)
2.4GHz/40MHz: 2422(1) 2427(2) 2432(3) 2437(4) 2442(5) 2447(6) 2452(7) 2457(8) 2462(9) 2447(10) 2452(11) 2457(12) 2462(13)
5.2GHz/20MHz: 5180(36) 5200(40) 5220(44) 5240(48) 5260(52) 5280(56) 5300(60) 5320(64) 5500(100) 5520(104) 5540(108) 5560(112) 5580(116) 5600(120) 5620(124) 5640(128) 5660(132) 5680(136) 5700(140)
5.2GHz/40MHz: 5190(36) 5190(40) 5230(44) 5230(48) 5270(52) 5270(56) 5310(60) 5310(64) 5510(100) 5510(104) 5550(108) 5550(112) 5590(116) 5590(120) 5630(124) 5630(128) 5670(132) 5670(136)
[PT (Portugal)]
2.4GHz/20MHz: 2412(1) 2417(2) 2422(3) 2427(4) 2432(5) 2437(6) 2442(7) 2447(8) 2452(9) 2457(10) 2462(11) 2467(12) 2472(13)
2.4GHz/40MHz: 2422(1) 2427(2) 2432(3) 2437(4) 2442(5) 2447(6) 2452(7) 2457(8) 2462(9) 2447(10) 2452(11) 2457(12) 2462(13)
5.2GHz/20MHz: 5180(36) 5200(40) 5220(44) 5240(48) 5260(52) 5280(56) 5300(60) 5320(64) 5500(100) 5520(104) 5540(108) 5560(112) 5580(116) 5600(120) 5620(124) 5640(128) 5660(132) 5680(136) 5700(140)
5.2GHz/40MHz: 5190(36) 5190(40) 5230(44) 5230(48) 5270(52) 5270(56) 5310(60) 5310(64) 5510(100) 5510(104) 5550(108) 5550(112) 5590(116) 5590(120) 5630(124) 5630(128) 5670(132) 5670(136)
[PR (Puerto Rico)]
2.4GHz/20MHz: 2412(1) 2417(2) 2422(3) 2427(4) 2432(5) 2437(6) 2442(7) 2447(8) 2452(9) 2457(10) 2462(11)
2.4GHz/40MHz: 2422(1) 2427(2) 2432(3) 2437(4) 2442(5) 2447(6) 2452(7) 2437(8) 2442(9) 2447(10) 2452(11)
5.2GHz/20MHz: 5180(36) 5200(40) 5220(44) 5240(48) 5260(52) 5280(56) 5300(60) 5320(64) 5500(100) 5520(104) 5540(108) 5560(112) 5580(116) 5660(132) 5680(136) 5700(140) 5745(149) 5765(153) 5785(157) 5805(161) 5825(165)
5.2GHz/40MHz: 5190(36) 5190(40) 5230(44) 5230(48) 5270(52) 5270(56) 5310(60) 5310(64) 5510(100) 5510(104) 5550(108) 5550(112) 5590(116) 5670(132) 5670(136) 5755(149) 5755(153) 5795(157) 5795(161)
[QA (Qatar)]
2.4GHz/20MHz: 2412(1) 2417(2) 2422(3) 2427(4) 2432(5) 2437(6) 2442(7) 2447(8) 2452(9) 2457(10) 2462(11) 2467(12) 2472(13)
2.4GHz/40MHz: 2422(1) 2427(2) 2432(3) 2437(4) 2442(5) 2447(6) 2452(7) 2437(8) 2442(9) 2447(10) 2452(11)
5.2GHz/20MHz: 5180(36) 5200(40) 5220(44) 5240(48) 5260(52) 5280(56) 5300(60) 5320(64) 5500(100) 5520(104) 5540(108) 5560(112) 5580(116) 5600(120) 5620(124) 5640(128) 5660(132) 5680(136) 5700(140)
5.2GHz/40MHz: 5190(36) 5190(40) 5230(44) 5230(48) 5270(52) 5270(56) 5310(60) 5310(64) 5510(100) 5510(104) 5550(108) 5550(112) 5590(116) 5590(120) 5630(124) 5630(128) 5670(132) 5670(136)
[RO (Romania)]
2.4GHz/20MHz: 2412(1) 2417(2) 2422(3) 2427(4) 2432(5) 2437(6) 2442(7) 2447(8) 2452(9) 2457(10) 2462(11) 2467(12) 2472(13)
2.4GHz/40MHz: 2422(1) 2427(2) 2432(3) 2437(4) 2442(5) 2447(6) 2452(7) 2457(8) 2462(9) 2447(10) 2452(11) 2457(12) 2462(13)
5.2GHz/20MHz: 5180(36) 5200(40) 5220(44) 5240(48) 5260(52) 5280(56) 5300(60) 5320(64) 5500(100) 5520(104) 5540(108) 5560(112) 5580(116) 5600(120) 5620(124) 5640(128) 5660(132) 5680(136) 5700(140)
5.2GHz/40MHz: 5190(36) 5190(40) 5230(44) 5230(48) 5270(52) 5270(56) 5310(60) 5310(64) 5510(100) 5510(104) 5550(108) 5550(112) 5590(116) 5590(120) 5630(124) 5630(128) 5670(132) 5670(136)
[RU (Russia Federation)]
2.4GHz/20MHz: 2412(1) 2417(2) 2422(3) 2427(4) 2432(5) 2437(6) 2442(7) 2447(8) 2452(9) 2457(10) 2462(11) 2467(12) 2472(13)
2.4GHz/40MHz: 2422(1) 2427(2) 2432(3) 2437(4) 2442(5) 2447(6) 2452(7) 2437(8) 2442(9) 2447(10) 2452(11)
5.2GHz/20MHz: 5180(36) 5200(40) 5220(44) 5240(48) 5260(52) 5280(56) 5300(60) 5320(64) 5500(100) 5520(104) 5540(108) 5560(112) 5580(116) 5600(120) 5620(124) 5640(128) 5660(132) 5680(136) 5700(140)
5.2GHz/40MHz: 5190(36) 5190(40) 5230(44) 5230(48) 5270(52) 5270(56) 5310(60) 5310(64) 5510(100) 5510(104) 5550(108) 5550(112) 5590(116) 5590(120) 5630(124) 5630(128) 5670(132) 5670(136)
[SA (Saudi Arabia)]
2.4GHz/20MHz: 2412(1) 2417(2) 2422(3) 2427(4) 2432(5) 2437(6) 2442(7) 2447(8) 2452(9) 2457(10) 2462(11) 2467(12) 2472(13)
2.4GHz/40MHz: 2422(1) 2427(2) 2432(3) 2437(4) 2442(5) 2447(6) 2452(7) 2437(8) 2442(9) 2447(10) 2452(11)
5.2GHz/20MHz: 5180(36) 5200(40) 5220(44) 5240(48) 5260(52) 5280(56) 5300(60) 5320(64) 5500(100) 5520(104) 5540(108) 5560(112) 5580(116) 5600(120) 5620(124) 5640(128) 5660(132) 5680(136) 5700(140)
5.2GHz/40MHz: 5190(36) 5190(40) 5230(44) 5230(48) 5270(52) 5270(56) 5310(60) 5310(64) 5510(100) 5510(104) 5550(108) 5550(112) 5590(116) 5590(120) 5630(124) 5630(128) 5670(132) 5670(136)
[SG (Singapore)]
2.4GHz/20MHz: 2412(1) 2417(2) 2422(3) 2427(4) 2432(5) 2437(6) 2442(7) 2447(8) 2452(9) 2457(10) 2462(11) 2467(12) 2472(13)
2.4GHz/40MHz: 2422(1) 2427(2) 2432(3) 2437(4) 2442(5) 2447(6) 2452(7) 2437(8) 2442(9) 2447(10) 2452(11)
5.2GHz/20MHz: 5180(36) 5200(40) 5220(44) 5240(48) 5260(52) 5280(56) 5300(60) 5320(64) 5500(100) 5520(104) 5540(108) 5560(112) 5580(116) 5600(120) 5620(124) 5640(128) 5660(132) 5680(136) 5700(140)
5.2GHz/40MHz: 5190(36) 5190(40) 5230(44) 5230(48) 5270(52) 5270(56) 5310(60) 5310(64) 5510(100) 5510(104) 5550(108) 5550(112) 5590(116) 5590(120) 5630(124) 5630(128) 5670(132) 5670(136)
[SK (Slovakia)]
2.4GHz/20MHz: 2412(1) 2417(2) 2422(3) 2427(4) 2432(5) 2437(6) 2442(7) 2447(8) 2452(9) 2457(10) 2462(11) 2467(12) 2472(13)
2.4GHz/40MHz: 2422(1) 2427(2) 2432(3) 2437(4) 2442(5) 2447(6) 2452(7) 2457(8) 2462(9) 2447(10) 2452(11) 2457(12) 2462(13)
5.2GHz/20MHz: 5180(36) 5200(40) 5220(44) 5240(48) 5260(52) 5280(56) 5300(60) 5320(64) 5500(100) 5520(104) 5540(108) 5560(112) 5580(116) 5600(120) 5620(124) 5640(128) 5660(132) 5680(136) 5700(140)
5.2GHz/40MHz: 5190(36) 5190(40) 5230(44) 5230(48) 5270(52) 5270(56) 5310(60) 5310(64) 5510(100) 5510(104) 5550(108) 5550(112) 5590(116) 5590(120) 5630(124) 5630(128) 5670(132) 5670(136)
[SI (Slovenia)]
2.4GHz/20MHz: 2412(1) 2417(2) 2422(3) 2427(4) 2432(5) 2437(6) 2442(7) 2447(8) 2452(9) 2457(10) 2462(11) 2467(12) 2472(13)
2.4GHz/40MHz: 2422(1) 2427(2) 2432(3) 2437(4) 2442(5) 2447(6) 2452(7) 2457(8) 2462(9) 2447(10) 2452(11) 2457(12) 2462(13)
5.2GHz/20MHz: 5180(36) 5200(40) 5220(44) 5240(48) 5260(52) 5280(56) 5300(60) 5320(64) 5500(100) 5520(104) 5540(108) 5560(112) 5580(116) 5600(120) 5620(124) 5640(128) 5660(132) 5680(136) 5700(140)
5.2GHz/40MHz: 5190(36) 5190(40) 5230(44) 5230(48) 5270(52) 5270(56) 5310(60) 5310(64) 5510(100) 5510(104) 5550(108) 5550(112) 5590(116) 5590(120) 5630(124) 5630(128) 5670(132) 5670(136)
[ZA (South Africa)]
2.4GHz/20MHz: 2412(1) 2417(2) 2422(3) 2427(4) 2432(5) 2437(6) 2442(7) 2447(8) 2452(9) 2457(10) 2462(11) 2467(12) 2472(13)
2.4GHz/40MHz: 2422(1) 2427(2) 2432(3) 2437(4) 2442(5) 2447(6) 2452(7) 2437(8) 2442(9) 2447(10) 2452(11)
5.2GHz/20MHz: 5180(36) 5200(40) 5220(44) 5240(48) 5260(52) 5280(56) 5300(60) 5320(64) 5500(100) 5520(104) 5540(108) 5560(112) 5580(116) 5600(120) 5620(124) 5640(128) 5660(132) 5680(136) 5700(140)
5.2GHz/40MHz: 5190(36) 5190(40) 5230(44) 5230(48) 5270(52) 5270(56) 5310(60) 5310(64) 5510(100) 5510(104) 5550(108) 5550(112) 5590(116) 5590(120) 5630(124) 5630(128) 5670(132) 5670(136)
[ES (Spain)]
2.4GHz/20MHz: 2412(1) 2417(2) 2422(3) 2427(4) 2432(5) 2437(6) 2442(7) 2447(8) 2452(9) 2457(10) 2462(11) 2467(12) 2472(13)
2.4GHz/40MHz: 2422(1) 2427(2) 2432(3) 2437(4) 2442(5) 2447(6) 2452(7) 2457(8) 2462(9) 2447(10) 2452(11) 2457(12) 2462(13)
5.2GHz/20MHz: 5180(36) 5200(40) 5220(44) 5240(48) 5260(52) 5280(56) 5300(60) 5320(64) 5500(100) 5520(104) 5540(108) 5560(112) 5580(116) 5600(120) 5620(124) 5640(128) 5660(132) 5680(136) 5700(140)
5.2GHz/40MHz: 5190(36) 5190(40) 5230(44) 5230(48) 5270(52) 5270(56) 5310(60) 5310(64) 5510(100) 5510(104) 5550(108) 5550(112) 5590(116) 5590(120) 5630(124) 5630(128) 5670(132) 5670(136)
[SE (Sweden)]
2.4GHz/20MHz: 2412(1) 2417(2) 2422(3) 2427(4) 2432(5) 2437(6) 2442(7) 2447(8) 2452(9) 2457(10) 2462(11) 2467(12) 2472(13)
2.4GHz/40MHz: 2422(1) 2427(2) 2432(3) 2437(4) 2442(5) 2447(6) 2452(7) 2457(8) 2462(9) 2447(10) 2452(11) 2457(12) 2462(13)
5.2GHz/20MHz: 5180(36) 5200(40) 5220(44) 5240(48) 5260(52) 5280(56) 5300(60) 5320(64) 5500(100) 5520(104) 5540(108) 5560(112) 5580(116) 5600(120) 5620(124) 5640(128) 5660(132) 5680(136) 5700(140)
5.2GHz/40MHz: 5190(36) 5190(40) 5230(44) 5230(48) 5270(52) 5270(56) 5310(60) 5310(64) 5510(100) 5510(104) 5550(108) 5550(112) 5590(116) 5590(120) 5630(124) 5630(128) 5670(132) 5670(136)
[CH (Switzerland)]
2.4GHz/20MHz: 2412(1) 2417(2) 2422(3) 2427(4) 2432(5) 2437(6) 2442(7) 2447(8) 2452(9) 2457(10) 2462(11) 2467(12) 2472(13)
2.4GHz/40MHz: 2422(1) 2427(2) 2432(3) 2437(4) 2442(5) 2447(6) 2452(7) 2437(8) 2442(9) 2447(10) 2452(11)
5.2GHz/20MHz: 5180(36) 5200(40) 5220(44) 5240(48) 5260(52) 5280(56) 5300(60) 5320(64) 5500(100) 5520(104) 5540(108) 5560(112) 5580(116) 5600(120) 5620(124) 5640(128) 5660(132) 5680(136) 5700(140)
5.2GHz/40MHz: 5190(36) 5190(40) 5230(44) 5230(48) 5270(52) 5270(56) 5310(60) 5310(64) 5510(100) 5510(104) 5550(108) 5550(112) 5590(116) 5590(120) 5630(124) 5630(128) 5670(132) 5670(136)
[SY (Syrian Arab Republic)]
2.4GHz/20MHz: 2412(1) 2417(2) 2422(3) 2427(4) 2432(5) 2437(6) 2442(7) 2447(8) 2452(9) 2457(10) 2462(11) 2467(12) 2472(13)
2.4GHz/40MHz: 2422(1) 2427(2) 2432(3) 2437(4) 2442(5) 2447(6) 2452(7) 2437(8) 2442(9) 2447(10) 2452(11)
5.2GHz/20MHz: 5180(36) 5200(40) 5220(44) 5240(48) 5260(52) 5280(56) 5300(60) 5320(64) 5500(100) 5520(104) 5540(108) 5560(112) 5580(116) 5600(120) 5620(124) 5640(128) 5660(132) 5680(136) 5700(140)
5.2GHz/40MHz: 5190(36) 5190(40) 5230(44) 5230(48) 5270(52) 5270(56) 5310(60) 5310(64) 5510(100) 5510(104) 5550(108) 5550(112) 5590(116) 5590(120) 5630(124) 5630(128) 5670(132) 5670(136)
[TW (Taiwan)]
2.4GHz/20MHz: 2412(1) 2417(2) 2422(3) 2427(4) 2432(5) 2437(6) 2442(7) 2447(8) 2452(9) 2457(10) 2462(11)
2.4GHz/40MHz: 2422(1) 2427(2) 2432(3) 2437(4) 2442(5) 2447(6) 2452(7) 2437(8) 2442(9) 2447(10) 2452(11)
5.2GHz/20MHz: 5180(36) 5200(40) 5220(44) 5240(48) 5260(52) 5280(56) 5300(60) 5320(64) 5500(100) 5520(104) 5540(108) 5560(112) 5580(116) 5600(120) 5620(124) 5640(128) 5660(132) 5680(136) 5700(140)
5.2GHz/40MHz: 5190(36) 5190(40) 5230(44) 5230(48) 5270(52) 5270(56) 5310(60) 5310(64) 5510(100) 5510(104) 5550(108) 5550(112) 5590(116) 5590(120) 5630(124) 5630(128) 5670(132) 5670(136)
[TH (Thailand)]
2.4GHz/20MHz: 2412(1) 2417(2) 2422(3) 2427(4) 2432(5) 2437(6) 2442(7) 2447(8) 2452(9) 2457(10) 2462(11) 2467(12) 2472(13)
2.4GHz/40MHz: 2422(1) 2427(2) 2432(3) 2437(4) 2442(5) 2447(6) 2452(7) 2437(8) 2442(9) 2447(10) 2452(11)
5.2GHz/20MHz: 5180(36) 5200(40) 5220(44) 5240(48) 5260(52) 5280(56) 5300(60) 5320(64) 5500(100) 5520(104) 5540(108) 5560(112) 5580(116) 5600(120) 5620(124) 5640(128) 5660(132) 5680(136) 5700(140)
5.2GHz/40MHz: 5190(36) 5190(40) 5230(44) 5230(48) 5270(52) 5270(56) 5310(60) 5310(64) 5510(100) 5510(104) 5550(108) 5550(112) 5590(116) 5590(120) 5630(124) 5630(128) 5670(132) 5670(136)
[TT (Trinidad and Tobago)]
2.4GHz/20MHz: 2412(1) 2417(2) 2422(3) 2427(4) 2432(5) 2437(6) 2442(7) 2447(8) 2452(9) 2457(10) 2462(11) 2467(12) 2472(13)
2.4GHz/40MHz: 2422(1) 2427(2) 2432(3) 2437(4) 2442(5) 2447(6) 2452(7) 2437(8) 2442(9) 2447(10) 2452(11)
5.2GHz/20MHz: 5180(36) 5200(40) 5220(44) 5240(48) 5260(52) 5280(56) 5300(60) 5320(64) 5500(100) 5520(104) 5540(108) 5560(112) 5580(116) 5600(120) 5620(124) 5640(128) 5660(132) 5680(136) 5700(140)
5.2GHz/40MHz: 5190(36) 5190(40) 5230(44) 5230(48) 5270(52) 5270(56) 5310(60) 5310(64) 5510(100) 5510(104) 5550(108) 5550(112) 5590(116) 5590(120) 5630(124) 5630(128) 5670(132) 5670(136)
[TN (Tunisia)]
2.4GHz/20MHz: 2412(1) 2417(2) 2422(3) 2427(4) 2432(5) 2437(6) 2442(7) 2447(8) 2452(9) 2457(10) 2462(11) 2467(12) 2472(13)
2.4GHz/40MHz: 2422(1) 2427(2) 2432(3) 2437(4) 2442(5) 2447(6) 2452(7) 2437(8) 2442(9) 2447(10) 2452(11)
5.2GHz/20MHz: 5180(36) 5200(40) 5220(44) 5240(48) 5260(52) 5280(56) 5300(60) 5320(64) 5500(100) 5520(104) 5540(108) 5560(112) 5580(116) 5600(120) 5620(124) 5640(128) 5660(132) 5680(136) 5700(140)
5.2GHz/40MHz: 5190(36) 5190(40) 5230(44) 5230(48) 5270(52) 5270(56) 5310(60) 5310(64) 5510(100) 5510(104) 5550(108) 5550(112) 5590(116) 5590(120) 5630(124) 5630(128) 5670(132) 5670(136)
[TR (Turkey)]
2.4GHz/20MHz: 2412(1) 2417(2) 2422(3) 2427(4) 2432(5) 2437(6) 2442(7) 2447(8) 2452(9) 2457(10) 2462(11) 2467(12) 2472(13)
2.4GHz/40MHz: 2422(1) 2427(2) 2432(3) 2437(4) 2442(5) 2447(6) 2452(7) 2437(8) 2442(9) 2447(10) 2452(11)
5.2GHz/20MHz: 5180(36) 5200(40) 5220(44) 5240(48) 5260(52) 5280(56) 5300(60) 5320(64)
5.2GHz/40MHz: 5190(36) 5190(40) 5230(44) 5230(48) 5270(52) 5270(56) 5310(60) 5310(64)
[UA (Ukraine)]
2.4GHz/20MHz: 2412(1) 2417(2) 2422(3) 2427(4) 2432(5) 2437(6) 2442(7) 2447(8) 2452(9) 2457(10) 2462(11) 2467(12) 2472(13)
2.4GHz/40MHz: 2422(1) 2427(2) 2432(3) 2437(4) 2442(5) 2447(6) 2452(7) 2437(8) 2442(9) 2447(10) 2452(11)
5.2GHz/20MHz: 5180(36) 5200(40) 5220(44) 5240(48) 5260(52) 5280(56) 5300(60) 5320(64) 5500(100) 5520(104) 5540(108) 5560(112) 5580(116) 5600(120) 5620(124) 5640(128) 5660(132) 5680(136) 5700(140)
5.2GHz/40MHz: 5190(36) 5190(40) 5230(44) 5230(48) 5270(52) 5270(56) 5310(60) 5310(64) 5510(100) 5510(104) 5550(108) 5550(112) 5590(116) 5590(120) 5630(124) 5630(128) 5670(132) 5670(136)
[AE (United Arab Emirates)]
2.4GHz/20MHz: 2412(1) 2417(2) 2422(3) 2427(4) 2432(5) 2437(6) 2442(7) 2447(8) 2452(9) 2457(10) 2462(11) 2467(12) 2472(13)
2.4GHz/40MHz: 2422(1) 2427(2) 2432(3) 2437(4) 2442(5) 2447(6) 2452(7) 2437(8) 2442(9) 2447(10) 2452(11)
5.2GHz/20MHz: 5180(36) 5200(40) 5220(44) 5240(48) 5260(52) 5280(56) 5300(60) 5320(64) 5500(100) 5520(104) 5540(108) 5560(112) 5580(116) 5600(120) 5620(124) 5640(128) 5660(132) 5680(136) 5700(140)
5.2GHz/40MHz: 5190(36) 5190(40) 5230(44) 5230(48) 5270(52) 5270(56) 5310(60) 5310(64) 5510(100) 5510(104) 5550(108) 5550(112) 5590(116) 5590(120) 5630(124) 5630(128) 5670(132) 5670(136)
[GB (United Kingdom)]
2.4GHz/20MHz: 2412(1) 2417(2) 2422(3) 2427(4) 2432(5) 2437(6) 2442(7) 2447(8) 2452(9) 2457(10) 2462(11) 2467(12) 2472(13)
2.4GHz/40MHz: 2422(1) 2427(2) 2432(3) 2437(4) 2442(5) 2447(6) 2452(7) 2457(8) 2462(9) 2447(10) 2452(11) 2457(12) 2462(13)
5.2GHz/20MHz: 5180(36) 5200(40) 5220(44) 5240(48) 5260(52) 5280(56) 5300(60) 5320(64) 5500(100) 5520(104) 5540(108) 5560(112) 5580(116) 5600(120) 5620(124) 5640(128) 5660(132) 5680(136) 5700(140)
5.2GHz/40MHz: 5190(36) 5190(40) 5230(44) 5230(48) 5270(52) 5270(56) 5310(60) 5310(64) 5510(100) 5510(104) 5550(108) 5550(112) 5590(116) 5590(120) 5630(124) 5630(128) 5670(132) 5670(136)
[US (United States)]
2.4GHz/20MHz: 2412(1) 2417(2) 2422(3) 2427(4) 2432(5) 2437(6) 2442(7) 2447(8) 2452(9) 2457(10) 2462(11)
2.4GHz/40MHz: 2422(1) 2427(2) 2432(3) 2437(4) 2442(5) 2447(6) 2452(7) 2437(8) 2442(9) 2447(10) 2452(11)
5.2GHz/20MHz: 5180(36) 5200(40) 5220(44) 5240(48) 5745(149) 5765(153) 5785(157) 5805(161) 5825(165)
5.2GHz/40MHz: 5190(36) 5190(40) 5230(44) 5230(48) 5755(149) 5755(153) 5795(157) 5795(161)
[UD (DFS)]
5.2GHz/20MHz: 5180(36) 5200(40) 5220(44) 5240(48) 5260(52) 5280(56) 5300(60) 5320(64) 5500(100) 5520(104) 5540(108) 5560(112) 5580(116) 5660(132) 5680(136) 5700(140) 5745(149) 5765(153) 5785(157) 5805(161) 5825(165)
5.2GHz/40MHz: 5190(36) 5190(40) 5230(44) 5230(48) 5270(52) 5270(56) 5310(60) 5310(64) 5510(100) 5510(104) 5550(108) 5550(112) 5590(116) 5670(132) 5670(136) 5755(149) 5755(153) 5795(157) 5795(161)
[UY (Uruguay)]
2.4GHz/20MHz: 2412(1) 2417(2) 2422(3) 2427(4) 2432(5) 2437(6) 2442(7) 2447(8) 2452(9) 2457(10) 2462(11) 2467(12) 2472(13)
2.4GHz/40MHz: 2422(1) 2427(2) 2432(3) 2437(4) 2442(5) 2447(6) 2452(7) 2437(8) 2442(9) 2447(10) 2452(11)
5.2GHz/20MHz: 5180(36) 5200(40) 5220(44) 5240(48) 5260(52) 5280(56) 5300(60) 5320(64) 5500(100) 5520(104) 5540(108) 5560(112) 5580(116) 5660(132) 5680(136) 5700(140) 5745(149) 5765(153) 5785(157) 5805(161) 5825(165)
5.2GHz/40MHz: 5190(36) 5190(40) 5230(44) 5230(48) 5270(52) 5270(56) 5310(60) 5310(64) 5510(100) 5510(104) 5550(108) 5550(112) 5590(116) 5670(132) 5670(136) 5755(149) 5755(153) 5795(157) 5795(161)
[UZ (Uzbekistan)]
2.4GHz/20MHz: 2412(1) 2417(2) 2422(3) 2427(4) 2432(5) 2437(6) 2442(7) 2447(8) 2452(9) 2457(10) 2462(11)
2.4GHz/40MHz: 2422(1) 2427(2) 2432(3) 2437(4) 2442(5) 2447(6) 2452(7) 2437(8) 2442(9) 2447(10) 2452(11)
5.2GHz/20MHz: 5180(36) 5200(40) 5220(44) 5240(48) 5260(52) 5280(56) 5300(60) 5320(64) 5500(100) 5520(104) 5540(108) 5560(112) 5580(116) 5600(120) 5620(124) 5640(128) 5660(132) 5680(136) 5700(140)
5.2GHz/40MHz: 5190(36) 5190(40) 5230(44) 5230(48) 5270(52) 5270(56) 5310(60) 5310(64) 5510(100) 5510(104) 5550(108) 5550(112) 5590(116) 5590(120) 5630(124) 5630(128) 5670(132) 5670(136)
[VE (Venezuela)]
2.4GHz/20MHz: 2412(1) 2417(2) 2422(3) 2427(4) 2432(5) 2437(6) 2442(7) 2447(8) 2452(9) 2457(10) 2462(11) 2467(12) 2472(13)
2.4GHz/40MHz: 2422(1) 2427(2) 2432(3) 2437(4) 2442(5) 2447(6) 2452(7) 2437(8) 2442(9) 2447(10) 2452(11)
5.2GHz/20MHz: 5180(36) 5200(40) 5220(44) 5240(48) 5260(52) 5280(56) 5300(60) 5320(64) 5500(100) 5520(104) 5540(108) 5560(112) 5580(116) 5660(132) 5680(136) 5700(140) 5745(149) 5765(153) 5785(157) 5805(161) 5825(165)
5.2GHz/40MHz: 5190(36) 5190(40) 5230(44) 5230(48) 5270(52) 5270(56) 5310(60) 5310(64) 5510(100) 5510(104) 5550(108) 5550(112) 5590(116) 5670(132) 5670(136) 5755(149) 5755(153) 5795(157) 5795(161)
[VN (Viet Nam)]
2.4GHz/20MHz: 2412(1) 2417(2) 2422(3) 2427(4) 2432(5) 2437(6) 2442(7) 2447(8) 2452(9) 2457(10) 2462(11) 2467(12) 2472(13)
2.4GHz/40MHz: 2422(1) 2427(2) 2432(3) 2437(4) 2442(5) 2447(6) 2452(7) 2437(8) 2442(9) 2447(10) 2452(11)
5.2GHz/20MHz: 5180(36) 5200(40) 5220(44) 5240(48) 5260(52) 5280(56) 5300(60) 5320(64) 5500(100) 5520(104) 5540(108) 5560(112) 5580(116) 5600(120) 5620(124) 5640(128) 5660(132) 5680(136) 5700(140)
5.2GHz/40MHz: 5190(36) 5190(40) 5230(44) 5230(48) 5270(52) 5270(56) 5310(60) 5310(64) 5510(100) 5510(104) 5550(108) 5550(112) 5590(116) 5590(120) 5630(124) 5630(128) 5670(132) 5670(136)
[YE (Yemen)]
2.4GHz/20MHz: 2412(1) 2417(2) 2422(3) 2427(4) 2432(5) 2437(6) 2442(7) 2447(8) 2452(9) 2457(10) 2462(11) 2467(12) 2472(13)
2.4GHz/40MHz: 2422(1) 2427(2) 2432(3) 2437(4) 2442(5) 2447(6) 2452(7) 2437(8) 2442(9) 2447(10) 2452(11)
5.2GHz/20MHz: 5180(36) 5200(40) 5220(44) 5240(48) 5260(52) 5280(56) 5300(60) 5320(64) 5500(100) 5520(104) 5540(108) 5560(112) 5580(116) 5600(120) 5620(124) 5640(128) 5660(132) 5680(136) 5700(140)
5.2GHz/40MHz: 5190(36) 5190(40) 5230(44) 5230(48) 5270(52) 5270(56) 5310(60) 5310(64) 5510(100) 5510(104) 5550(108) 5550(112) 5590(116) 5590(120) 5630(124) 5630(128) 5670(132) 5670(136)
[ZW (Zimbabwe)]
2.4GHz/20MHz: 2412(1) 2417(2) 2422(3) 2427(4) 2432(5) 2437(6) 2442(7) 2447(8) 2452(9) 2457(10) 2462(11) 2467(12) 2472(13)
2.4GHz/40MHz: 2422(1) 2427(2) 2432(3) 2437(4) 2442(5) 2447(6) 2452(7) 2437(8) 2442(9) 2447(10) 2452(11)
5.2GHz/20MHz: 5180(36) 5200(40) 5220(44) 5240(48) 5260(52) 5280(56) 5300(60) 5320(64) 5500(100) 5520(104) 5540(108) 5560(112) 5580(116) 5600(120) 5620(124) 5640(128) 5660(132) 5680(136) 5700(140)
5.2GHz/40MHz: 5190(36) 5190(40) 5230(44) 5230(48) 5270(52) 5270(56) 5310(60) 5310(64) 5510(100) 5510(104) 5550(108) 5550(112) 5590(116) 5590(120) 5630(124) 5630(128) 5670(132) 5670(136)
